1.452549881031479551e+01
1.630352721253222015e+01
1.860022773148387287e+01
1.659944728870664221e+01
1.509040662609694650e+01
1.837463520190028632e+01
1.513301809976724854e+01
1.550852451897726780e+01
1.431844215349369520e+01
1.553719008264462609e+01
1.378635000952511191e+01
1.574662557889036840e+01
2.003948461176409879e+01
2.131459889591905110e+01
2.754401110767537020e+01
1.856127820386222638e+01
1.981195831793198536e+01
1.537615471067130812e+01
1.714110805019895523e+01
1.662391154939130544e+01
1.739287278724007990e+01
1.904091152651659868e+01
1.742284006599220092e+01
2.008962095811072501e+01
2.146814404432133117e+01
1.925530460802630373e+01
1.996991989623550623e+01
1.549681830949083228e+01
1.742628779276658690e+01
1.709673538867676967e+01
1.701203611468887900e+01
1.672768485537367411e+01
3.058142125194920879e+01
1.855248886318772961e+01
1.862466106472656691e+01
2.120169297100589390e+01
1.940468860058580347e+01
1.898989898989899316e+01
1.640242838990440788e+01
2.523866502666024658e+01
1.592359466642468568e+01
2.209706517932077929e+01
2.088982254557168972e+01
1.452653485952133039e+01
1.632849865698098668e+01
2.501161600277489683e+01
1.952346505140884503e+01
2.135830640230588173e+01
1.834740792172827639e+01
2.456088997898866566e+01
1.771890368223654377e+01
1.606260375768744453e+01
1.889362993999791485e+01
1.508156355801785509e+01
1.526364858955636450e+01
1.897357582488778149e+01
1.440347720629837980e+01
1.403544928094972200e+01
1.796802748051262100e+01
1.712430479336047995e+01
1.658417704843990848e+01
1.624106398842156196e+01
2.842131985298176033e+01
1.615526622467113071e+01
1.656159873278368622e+01
1.839333103799889813e+01
1.445207937222987482e+01
1.503999999999999915e+01
1.554131218356073241e+01
1.504883261640018688e+01
1.682026792181653363e+01
1.727294921875000000e+01
1.620708546384222259e+01
1.489544834030006193e+01
1.641760071869688886e+01
1.657022504981968680e+01
1.228046757308213088e+01
1.576544873212813513e+01
1.376982855311648812e+01
2.036489606400151331e+01
1.374484486890609780e+01
1.568624654858012235e+01
1.582215893358648806e+01
2.264438718688047203e+01
2.313039562650831371e+01
2.402960094107853806e+01
1.558996556451723947e+01
2.819583339882196427e+01
1.633060281453476392e+01
1.631579653557675513e+01
1.616861201675804693e+01
1.623801652892561975e+01
1.771365960555149854e+01
1.828746452862483807e+01
1.930604841207751932e+01
1.736317400494369423e+01
1.772817907631664980e+01
1.631643254483224226e+01
1.491250195992883398e+01
1.458850594060794847e+01
2.084751123848595000e+01
1.795326363536975478e+01
1.859222340415642094e+01
1.873353942941711381e+01
1.611309242469814862e+01
1.659386604532875964e+01
1.823685110370942652e+01
1.743331232934258068e+01
1.750644713350525450e+01
2.213359929066240639e+01
1.512993948024207747e+01
1.520927267875388900e+01
2.259926863266353791e+01
2.407591759002769649e+01
2.539807439479993079e+01
2.420935834741444026e+01
2.234217219854632219e+01
2.297559187996632346e+01
3.109714960364310699e+01
2.233779202996135993e+01
2.300676633228213674e+01
1.957284985314062098e+01
1.822908552664329207e+01
2.121107266435986460e+01
2.035496619890930603e+01
2.205522304103081055e+01
2.110772650945538587e+01
1.864790509814696762e+01
1.992932281393819594e+01
2.037779635309367166e+01
1.898727474359614931e+01
2.189767804601965651e+01
2.020967362766072739e+01
1.712927518159740359e+01
2.038658924319914334e+01
1.852577459870385823e+01
1.781235082156187133e+01
2.079090274099700864e+01
2.238893366675621976e+01
2.032360981396015376e+01
1.940488352062175537e+01
2.127121441746024999e+01
1.738281249999999645e+01
1.887234485630986924e+01
2.234313242972078228e+01
2.014929835166297778e+01
1.974869590841871414e+01
2.224812518380551296e+01
1.747059810701357563e+01
2.825702865255150797e+01
2.087760920797912689e+01
2.183272516909932293e+01
2.875413750860909445e+01
1.614920547556938146e+01
1.675430274530208052e+01
1.625845287601394773e+01
2.513946974340671048e+01
1.910551454624403078e+01
2.180185828189299713e+01
1.957066475249172299e+01
2.159951325040562509e+01
2.581147880293179853e+01
2.333590050591293519e+01
1.652639453482592558e+01
1.801420436129975755e+01
2.732095260813350635e+01
1.849977208280793661e+01
1.804255621446988656e+01
2.098154080529586807e+01
1.737828990534151785e+01
1.566151844444979702e+01
1.713794797713371310e+01
1.611825985784435034e+01
1.757798232157206897e+01
1.463806040278159060e+01
1.658718251242398978e+01
1.362724085446807720e+01
1.511225127132744284e+01
2.833706891188269594e+01
1.869286135749589661e+01
1.679985552124252024e+01
1.590284890703253140e+01
1.616020808727074254e+01
2.777054144275606617e+01
1.147959183673469497e+01
2.010980068431951295e+01
1.588939918871375845e+01
1.546559314051337175e+01
1.712034592610074313e+01
1.436238512771447162e+01
1.469480460189919313e+01
1.571140226605220924e+01
1.410657143493529730e+01
1.509661835748791958e+01
1.473309023734441148e+01
2.153569820173646931e+01
1.605536332179930881e+01
1.477690805311208422e+01
1.848275344810498666e+01
1.517790150333815191e+01
1.472939988216479890e+01
1.926024604964328546e+01
1.529338138674748393e+01
1.559367342392514821e+01
1.451693840560744420e+01
1.366062239387155408e+01
1.501876257005127790e+01
1.783429266965985960e+01
1.676306001037516324e+01
1.393687923780884752e+01
1.566293366747592053e+01
1.994848676478969907e+01
1.612540109013943379e+01
1.702440138046712903e+01
1.724302959326156426e+01
1.463319458896982184e+01
1.778583683446807839e+01
1.339536759010705680e+01
1.424889210705630127e+01
1.576746670596253175e+01
1.930171555218897694e+01
1.424679234777334713e+01
1.853803707607415063e+01
1.668456875800972128e+01
1.438806481247675428e+01
1.516526345853943347e+01
1.674022936472008993e+01
1.506798609814499912e+01
1.460217050202262534e+01
1.562453001079512660e+01
1.489567706172130102e+01
1.551005089594479180e+01
1.426488962932111626e+01
1.493970007669830125e+01
1.402703964378052071e+01
1.626825310978907879e+01
1.589256952381579424e+01
1.485169925472214558e+01
1.561065197428833962e+01
1.555891879658835109e+01
1.661446305735112006e+01
1.682650548536288682e+01
1.512265553831252873e+01
1.837141688966439901e+01
1.469609875778365549e+01
1.594795338507036853e+01
2.559370281161044147e+01
1.500768189819195975e+01
1.535939563622503634e+01
1.575575084905990408e+01
1.423970233899916416e+01
1.301541024573094774e+01
1.812865917401995119e+01
1.652313939648533392e+01
1.661755491202221791e+01
1.673130193905817364e+01
1.703205520132762629e+01
1.363857305636457440e+01
1.553779707163792168e+01
1.491918625219320838e+01
1.376986916089965263e+01
1.742643106691749821e+01
1.458815339571261838e+01
1.545082061025019016e+01
1.752846549761539663e+01
1.575787795410967895e+01
1.468923683923316226e+01
2.179611428222581537e+01
2.176225868330562818e+01
1.943603745842712982e+01
1.967805102157196018e+01
2.705090981226669200e+01
1.634431620702395449e+01
1.907368528419280906e+01
2.052034623420554738e+01
1.645758674176811809e+01
1.592756892610032260e+01
1.517635652813397940e+01
1.492707536663580470e+01
1.950462239648120644e+01
1.848788703825558599e+01
1.905893656112069934e+01
1.807561566341481907e+01
1.495421866259134092e+01
1.467257650443417916e+01
1.616494937305079915e+01
1.631623124724063700e+01
1.623002157826097402e+01
1.310224740765334950e+01
1.652206166499135520e+01
1.620563278330761392e+01
1.602307322544464085e+01
1.712603908464343405e+01
1.813747932419659747e+01
1.652097489486141413e+01
1.430828048808406372e+01
1.857233081122529228e+01
1.324308302088745748e+01
1.564059616265082475e+01
1.404203298601202832e+01
1.442517449593750278e+01
1.953773713928453049e+01
1.790708066052024350e+01
1.544349072309512394e+01
1.402099603866571265e+01
1.659374101046193317e+01
1.673525377229080746e+01
1.493134523329675645e+01
1.635486995619424988e+01
1.496319988029440040e+01
1.568401267875347571e+01
1.787451006511622609e+01
1.687185649648301933e+01
2.003561788462251059e+01
1.578838533720079162e+01
1.478530280056756574e+01
1.655819325274322651e+01
1.439377834467120110e+01
1.606009918545184334e+01
1.570493753718025154e+01
2.038936067937829932e+01
1.809861924913194642e+01
1.923946759730669243e+01
1.655719262592538499e+01
1.874582294162713936e+01
1.461127942336303320e+01
1.511893228508735554e+01
1.859603910089009560e+01
1.565652679456926855e+01
1.453487211309088778e+01
2.593866519317029073e+01
1.976679126531105624e+01
2.047220865885416430e+01
1.731316167370059844e+01
2.345166260562042382e+01
2.171752805798685415e+01
1.809431255495395519e+01
1.779155188246097197e+01
1.416819673553181502e+01
1.456203178259600861e+01
1.476128057061205823e+01
1.618042721206360568e+01
1.679288280309287273e+01
1.895642817252532097e+01
1.736439142132533675e+01
1.449270963590671712e+01
1.736006783780354823e+01
1.335558336422971237e+01
1.650433093060479450e+01
1.690821256038647746e+01
1.693517107254262299e+01
1.721792184964846228e+01
1.730037291914959496e+01
2.053605521631846287e+01
1.655234327876670974e+01
1.467922570737594512e+01
1.550948663599234756e+01
1.543996343637644308e+01
2.098169997165532763e+01
1.604074564706375838e+01
1.569854831691784192e+01
1.634755253360313887e+01
1.650646706004183883e+01
1.547913536622039210e+01
1.571634712304639869e+01
1.731680191866576024e+01
1.303187251779711353e+01
1.479459925308819557e+01
1.472315764742736732e+01
1.440451549448774848e+01
1.694915254237288238e+01
1.744771982867220927e+01
1.505535132644190988e+01
1.748336176926730445e+01
1.573407471257390355e+01
1.390755173340499873e+01
2.163214536801686805e+01
1.551685894005099975e+01
1.617940148248780829e+01
1.562106324011085867e+01
1.477064983694415190e+01
2.234454876541147073e+01
1.666412640349540197e+01
1.760801612011044881e+01
1.414609053497942348e+01
1.742113183291331779e+01
1.668259779609356741e+01
1.289228561148571295e+01
2.129318833600471450e+01
1.719948489338513653e+01
1.402099603866571265e+01
1.519079034015397589e+01
1.723868516655628369e+01
2.492898191672539454e+01
1.917272337102209789e+01
1.471111111111111214e+01
1.819130892404820088e+01
1.917250951999986341e+01
1.636223002320462072e+01
1.648426186787982672e+01
1.582605346545053493e+01
1.945215984438272017e+01
2.198778102038091475e+01
1.633482630132861502e+01
1.463300189382487204e+01
1.424386843357665100e+01
1.548277541235375487e+01
2.084148114425893183e+01
1.951637762965836131e+01
1.708136664496527501e+01
1.889156718702173166e+01
1.630798069565186381e+01
1.664320530994925207e+01
1.661038647085922904e+01
2.003638125662318714e+01
2.165168232778584567e+01
2.217365545842202579e+01
1.846056849946475964e+01
1.688340341522863497e+01
1.630347914113697882e+01
2.702108272850095716e+01
2.247228044207469821e+01
2.223677561243622236e+01
1.821702664848092823e+01
2.113486961971810985e+01
1.538935056940596979e+01
1.831632653061224758e+01
1.860062269161502613e+01
1.631716821540747375e+01
1.570462504170614615e+01
1.630347090250636910e+01
2.198888017650988758e+01
1.679996474761495762e+01
1.833146021216523636e+01
1.621793832183440642e+01
1.510236342007989130e+01
1.412819988697439832e+01
1.688522433226613018e+01
1.500321973301980627e+01
1.709623155713922316e+01
1.717452266902816405e+01
1.591423410020238194e+01
1.928821559792852725e+01
1.615240034458454232e+01
1.914146464197326836e+01
1.703373175705072029e+01
1.632399293384027317e+01
1.516885903559206916e+01
1.538405483201017354e+01
1.650625219648788189e+01
1.671048832429962516e+01
1.646980794868541764e+01
1.390522894850260549e+01
1.579045559678931099e+01
1.562992657988379008e+01
1.987260957810408257e+01
2.057198342721014939e+01
1.536540596509976453e+01
1.757672309658444476e+01
1.422222222222222143e+01
1.644217443842144633e+01
1.639847304175487608e+01
1.559162844438220219e+01
1.491344211564930688e+01
1.607608787139129447e+01
1.612540109013943379e+01
1.624027635439214379e+01
1.619636839193199762e+01
1.881490949406552815e+01
2.087724415672400013e+01
2.458021271502342486e+01
2.173729032154661311e+01
1.758728335958494071e+01
1.447797786863358915e+01
1.664181433862035320e+01
1.587887654635976986e+01
1.683359986533119823e+01
1.530477051981397096e+01
1.613070400569996821e+01
1.580246913580246826e+01
1.571076299041022217e+01
1.444117907483692775e+01
1.343133842468417782e+01
1.532879818594104115e+01
1.494277196773103711e+01
1.606187528571604872e+01
1.534856210177968450e+01
1.474812762901405527e+01
1.632160300617170634e+01
1.953231782917026038e+01
1.539690014536966878e+01
1.388226769131023275e+01
2.032487010113261761e+01
1.473838549960407818e+01
1.557935552931445145e+01
1.972014826230205742e+01
1.438361620156775977e+01
1.380495867768595097e+01
1.594891440033615027e+01
1.723642631427750871e+01
1.597547461315084938e+01
1.680502258072937138e+01
1.575602668020517427e+01
2.014316092940714142e+01
1.544817379825072656e+01
2.009467541798998624e+01
1.500867296845065546e+01
1.443877551020408312e+01
1.884003174782466061e+01
2.207602809373100428e+01
1.824441528938354296e+01
1.953298344783895146e+01
1.353157852674711847e+01
1.649635635778696496e+01
1.686247690596004745e+01
1.955705604231266292e+01
1.823387465956968256e+01
1.822879149412667132e+01
1.537354273415451367e+01
1.940484255826387638e+01
2.029519164787766172e+01
1.683469977542202400e+01
2.000249800781572063e+01
1.828321053176938094e+01
2.029056083110137010e+01
1.582577640838906419e+01
2.225112234858620752e+01
1.896901636067883246e+01
1.759232304531489532e+01
1.616565418241878760e+01
2.035129465543692362e+01
1.410030351622721945e+01
1.515705885380206297e+01
1.716273022155166927e+01
1.546801764507558552e+01
1.990504017531044667e+01
1.473506846395652836e+01
1.697270576753758320e+01
1.571012257651017485e+01
1.577286086784267205e+01
1.554502755247173518e+01
1.626623107625441733e+01
1.903628792385485013e+01
1.736787163131847933e+01
1.626415266617969024e+01
1.832316995792480796e+01
1.504751329094643353e+01
1.735646757611589308e+01
1.595224752049420758e+01
1.943696868725703908e+01
1.475438092502154497e+01
1.658322255036664927e+01
2.479248526722874146e+01
1.877495837773707166e+01
1.454803351503221442e+01
1.795815038962066268e+01
1.559713553831205779e+01
1.412692761927364948e+01
1.511233745198759948e+01
1.693067033976124591e+01
2.383919035752428783e+01
1.583558881513475924e+01
1.703610415992939764e+01
1.419598052999761073e+01
1.449559988403519917e+01
1.826530612244897966e+01
1.669441141498216297e+01
1.839976638232102601e+01
1.400559340500579708e+01
1.797459498398186994e+01
1.555651226096075135e+01
1.821163589147347395e+01
1.600093872173833986e+01
1.864724245577523121e+01
1.731026085382861979e+01
1.833966176423803773e+01
1.607754952421171879e+01
1.904296875000000000e+01
1.950362596279446947e+01
1.882779296766643284e+01
1.657846384762693148e+01
1.561717856764169809e+01
1.322742670588380420e+01
1.500489865809131906e+01
1.598129303757009545e+01
1.936310353818771191e+01
1.536914679689744467e+01
1.490287727141865126e+01
1.897317193488407838e+01
1.681941360231849103e+01
1.792345927082833157e+01
1.577708647328289260e+01
1.543150341422013128e+01
1.732580965179520049e+01
1.811590386774547312e+01
1.470944017031983186e+01
1.677886659804809355e+01
1.725026468374874256e+01
1.992141995897183904e+01
1.290521679361472351e+01
1.441135555389376499e+01
1.730471891387998085e+01
1.513206969040162342e+01
1.438402876805753650e+01
1.517865528854539647e+01
1.960461493648763209e+01
1.750215748913685587e+01
1.587630624216150999e+01
1.857538115450612537e+01
1.622938037959413649e+01
1.576400634663214539e+01
1.664453824909378099e+01
1.450214562187715650e+01
1.784286495812818174e+01
1.770043683708227178e+01
2.398175520320105036e+01
1.811500439935821305e+01
1.866808719416546225e+01
1.623011644443380064e+01
1.460962118226249373e+01
1.552995777640275854e+01
1.407500110225912771e+01
1.519644863600360907e+01
1.602556816890267299e+01
1.646815859281810290e+01
1.519243580939241767e+01
1.462352014880322848e+01
1.554285714285714270e+01
1.450000000000000000e+01
1.609151927166798046e+01
1.620518482274664152e+01
1.643329432382276423e+01
1.664904642586595784e+01
1.749030980416494785e+01
1.685011937478937583e+01
1.489811610918877349e+01
1.512993948024207747e+01
1.597998392870188056e+01
1.617981276453785355e+01
1.476882146870248924e+01
1.727777912591909981e+01
1.785212696232951757e+01
1.798336148120348099e+01
1.883830455259026593e+01
1.720339715948665216e+01
1.516487903221310063e+01
1.629763915618470094e+01
1.526414135619334900e+01
1.704093210723297958e+01
1.493274044823109392e+01
1.858830288794633390e+01
1.837852249621751710e+01
1.560068980347347001e+01
1.495206794219672908e+01
1.587664482040339387e+01
1.544372413028844448e+01
2.089282576106691636e+01
1.837344403632282308e+01
2.780384115939667566e+01
1.670200219512029349e+01
2.015193841855504431e+01
1.700892948692946050e+01
3.063190897800774337e+01
2.666239022839082295e+01
1.724834745612239928e+01
1.562487317473072324e+01
2.116368523250953615e+01
2.070098104477535372e+01
1.858034547829873873e+01
2.039065834100760810e+01
1.612026511880357660e+01
1.972958555585873697e+01
1.633870942676330529e+01
1.962008966380976460e+01
2.145028094749752867e+01
1.849150243031175123e+01
1.876524676299493422e+01
1.534927696568823308e+01
2.402320779148130470e+01
1.782340271350846805e+01
1.710856894357601377e+01
2.182505039602546049e+01
2.441820097311839177e+01
1.902668798134379458e+01
2.105258956829220551e+01
2.157968280009960793e+01
1.772788945986238218e+01
1.994613787238930058e+01
1.830183925422020863e+01
1.593698062518498126e+01
1.460798816568047265e+01
1.388394446422214124e+01
1.627529137945795057e+01
1.569353523330909006e+01
1.324263038548752824e+01
1.630071560141490394e+01
1.477297602141111099e+01
1.521284005095784053e+01
1.466169002686840273e+01
1.484902256308978608e+01
1.314712970620606747e+01
1.632160333576617717e+01
1.542033379978642138e+01
1.369612856099342579e+01
1.832191991054369140e+01
1.682701266317403110e+01
1.688887339228821460e+01
1.527005372796682003e+01
1.566349124980420626e+01
1.686816628413414065e+01
1.692898229228451967e+01
1.385789203323572139e+01
1.452549881031479551e+01
2.315523476943353387e+01
2.344471953562563016e+01
2.243464949943730247e+01
2.285952921652546266e+01
1.960551656155018563e+01
2.465835811420361168e+01
2.450372574721602348e+01
2.610417940690573957e+01
2.180930474105366912e+01
1.674068817105835549e+01
1.778738683838720647e+01
1.981481481481481310e+01
1.798589969556160639e+01
2.151042890333359381e+01
2.007570539814860666e+01
2.359101824404843128e+01
1.899056657740102949e+01
1.993441678756364510e+01
2.309317528964368194e+01
1.732782887233371483e+01
2.098804885967048151e+01
1.892033144698662994e+01
1.899810169165705886e+01
2.329438608751431872e+01
2.391720892654380393e+01
2.028719355371682909e+01
2.058493363221350236e+01
1.851424136879740701e+01
1.896585584827315429e+01
1.897484108570590777e+01
2.074545107087569562e+01
2.665720628487533972e+01
2.226448761885130168e+01
2.096079829816812889e+01
1.756320313795896126e+01
2.101085462179616314e+01
2.172908554045302765e+01
1.822157434402332044e+01
2.082840236686390512e+01
1.763891961011933063e+01
2.150284525811355607e+01
2.236580428534499987e+01
2.009432702253813474e+01
2.080279414371867475e+01
1.945115144749933123e+01
2.067449800670872406e+01
1.927270662926869349e+01
1.953231782917026038e+01
1.860272760571748663e+01
1.787572404148362537e+01
1.845942180841245062e+01
1.992467004868887059e+01
1.775158087869677814e+01
2.107445987654321229e+01
2.043581474514019547e+01
2.044107748975536154e+01
1.781706574655283504e+01
2.018613949786978168e+01
1.677288866541827517e+01
2.060237675317041095e+01
1.608718670203898071e+01
1.693419948321779245e+01
2.071399807503471990e+01
1.564025878906249822e+01
1.793834830649944223e+01
2.095078171870031269e+01
1.710303462948966313e+01
1.633183083819251280e+01
1.473629538431424280e+01
1.659123723688725960e+01
1.581415608966007191e+01
1.495930210919002334e+01
1.558733806487677143e+01
1.334515332627946371e+01
1.536627326947964711e+01
1.412744689712619461e+01
1.538402153986783283e+01
1.502163114885435036e+01
1.603819979948449870e+01
1.557655954631380268e+01
1.545294292713079010e+01
1.580385015608740851e+01
1.785219753685449362e+01
2.027694236897330882e+01
1.794750332327171449e+01
1.459244011994687362e+01
1.960590561246496222e+01
1.814686658977316469e+01
1.707275708067160380e+01
1.668639053254437599e+01
2.176838864474849444e+01
1.675252097046502087e+01
1.248801033749287548e+01
1.667051134179162020e+01
1.435028163987531435e+01
1.607400842549988340e+01
2.306959833795013637e+01
1.608057786573148817e+01
1.465429393357321608e+01
1.818403241762549882e+01
1.400535704907126799e+01
1.683376625866250720e+01
2.449261289312971002e+01
2.361972040810131901e+01
2.050891555770725816e+01
2.883284132050654236e+01
2.239383038292115202e+01
2.187415608965703484e+01
2.066942357406814068e+01
2.079382081544009964e+01
1.844841055225046489e+01
1.554293188051054386e+01
1.789539094949859432e+01
2.671455076214623858e+01
1.622467175861633493e+01
1.632698757749487939e+01
1.516928685240880981e+01
1.724757455982752674e+01
1.491970486111110894e+01
1.614434947768281603e+01
1.577107832165423851e+01
1.995166880229787765e+01
2.382603342019016779e+01
3.371058315974852349e+01
2.090457185436209642e+01
1.848000076680501280e+01
2.249930223682936514e+01
2.076658360033226458e+01
2.074941946111247049e+01
1.736695329492816953e+01
2.387727221308550796e+01
1.824293051449729930e+01
1.988391116155243665e+01
1.875671299025241368e+01
2.352247504937468037e+01
3.096848348436441967e+01
1.762343842950624762e+01
1.920391380144394233e+01
1.889352891131817813e+01
2.968972499110003938e+01
2.090580405579883561e+01
1.953075679907073692e+01
2.045530295707474977e+01
2.352459765203500908e+01
1.911921680601303208e+01
2.891318412694693052e+01
1.848543293248172859e+01
1.548277830557316470e+01
2.883471579218106129e+01
2.190268396926624916e+01
2.856672015752807425e+01
2.649072229070448259e+01
2.100609718911314516e+01
2.081018200585181788e+01
2.101099338431794550e+01
2.007881241831434593e+01
2.313826621702043695e+01
2.445356840961236244e+01
2.237933367851358213e+01
1.902633661722666147e+01
2.319070187644229364e+01
2.299459868979197097e+01
2.650867306466625450e+01
2.194218979322471696e+01
2.297135709405100457e+01
2.431588613406795574e+01
2.287674962952101865e+01
2.384372306808388231e+01
2.671712056155210391e+01
2.220351342271294115e+01
2.053858438606908265e+01
2.322243208661706859e+01
1.924396106174300058e+01
2.053645909477902620e+01
2.818138996705231847e+01
2.498254203642241222e+01
2.984261817616018320e+01
2.223673469387754764e+01
1.851295537753084020e+01
1.733864706795714739e+01
1.531211564240405743e+01
1.561393109630036768e+01
1.719988167377819721e+01
1.670515038347600267e+01
1.611387708953499853e+01
1.755491176399778652e+01
1.820966231921487122e+01
1.599640812856123162e+01
2.215915952179688375e+01
1.563710614669421162e+01
1.670620468441979156e+01
1.595277156248648787e+01
2.580922335077459451e+01
1.469504550888726868e+01
1.700362968058500712e+01
2.144087376601553885e+01
1.940211776859504411e+01
1.822157434402332399e+01
2.396641247635296068e+01
2.310163262891934366e+01
2.070298035386112190e+01
2.673669348891005271e+01
2.235712482114300315e+01
1.972369220473896689e+01
1.900326384797388712e+01
2.037858540554155695e+01
1.955670822254127827e+01
2.489979732953806391e+01
2.215985607272115487e+01
2.259152232924735770e+01
1.729218645036898039e+01
1.623028609395169397e+01
1.981206837993887149e+01
2.168171407680163654e+01
1.827575018684501984e+01
2.084750987681855960e+01
2.192559937559390093e+01
1.832662021266847319e+01
2.044977520228797374e+01
2.104045601997713177e+01
1.637367239430322385e+01
2.046570498843687602e+01
2.612713614757808855e+01
1.996477361682786267e+01
2.045692273844859699e+01
1.743197278911565107e+01
2.123747604917238263e+01
1.779792715447924323e+01
2.016383112791429966e+01
2.212711444958802787e+01
1.961935670039228796e+01
2.199499865094660933e+01
1.550829907774205019e+01
2.198087561584790350e+01
1.556940784352168627e+01
2.001458045414089426e+01
1.967383313033993275e+01
2.097814776274713466e+01
1.847188271585934771e+01
1.970063111723856508e+01
2.481326917017181444e+01
2.122016736826167715e+01
2.119961558030414750e+01
1.650945898630224207e+01
1.682277938196589417e+01
1.786422842851474257e+01
1.778592856380602782e+01
1.797224067141649684e+01
1.845650248817587169e+01
1.618618639524926905e+01
1.798443842511951374e+01
2.220761195120169873e+01
1.748209443392829954e+01
1.830751848685744676e+01
1.762205776902138155e+01
1.696672636440757742e+01
1.674578855210723205e+01
1.642834004350039478e+01
1.677280880072548186e+01
1.848497435655873744e+01
2.135562636771988565e+01
1.530277960877378973e+01
1.510513217216775672e+01
1.907282044307820001e+01
2.324621522558358322e+01
1.739795918367347127e+01
1.459682779653064699e+01
1.651146552187172034e+01
1.843641868512110449e+01
1.390018278740365254e+01
1.745167948958529180e+01
1.557020079392608025e+01
1.475078124064606477e+01
2.244659713229923881e+01
1.706564978932749099e+01
1.795684321714199783e+01
2.998173703825262137e+01
2.751892504599540956e+01
1.874805079082200976e+01
1.572604633842748711e+01
2.029666899077267317e+01
1.516039761810591280e+01
1.308161141667905447e+01
2.255200767429609954e+01
1.598731395053015092e+01
1.622819909856947618e+01
1.585124218869074575e+01
1.680642845888552372e+01
1.885735744485235088e+01
2.194273704894482435e+01
2.268459688493550885e+01
1.988764246914260170e+01
1.983371126228269432e+01
1.965007586287387653e+01
2.263275219139728023e+01
1.976275285736468135e+01
2.048898071625344386e+01
1.603926863186163843e+01
2.191540653079114520e+01
1.893295292843237476e+01
1.912876433362340833e+01
2.138715625850844759e+01
2.060759604401446410e+01
1.524099102639025105e+01
2.546891116744325601e+01
2.166717904775609682e+01
1.592732332316088240e+01
1.502677593453980620e+01
1.742407916034279580e+01
1.755555555555555713e+01
1.756583254555505391e+01
1.536393100525693711e+01
2.165859219150755166e+01
2.739752950540973586e+01
1.936096888245508651e+01
2.486553498927550265e+01
1.518795873834556964e+01
1.431209602954755589e+01
1.478236237276855292e+01
1.690321100640511176e+01
1.583317695627697752e+01
1.543254467557507503e+01
1.434897858764147038e+01
1.793872614888470807e+01
1.759067396133033512e+01
1.730618363694606643e+01
1.511233745198759948e+01
1.659278249568267327e+01
1.426534412183724676e+01
1.599787847953856890e+01
1.772318374634976479e+01
2.044970414201183573e+01
1.706301577726506480e+01
1.857930535153612439e+01
1.992150716842814262e+01
2.488666127165618036e+01
1.808020406500341082e+01
1.915686189608321044e+01
1.711850466709600127e+01
2.143745060274246228e+01
1.728841180430084279e+01
2.291985268874254800e+01
2.073858830319736768e+01
2.456976341075738546e+01
1.994114012211853648e+01
2.204417447134474628e+01
1.652490747723408049e+01
1.791421516376613354e+01
1.723180174358625294e+01
1.815014682734384621e+01
1.840019025102372652e+01
2.148811653435358693e+01
2.239972567249547097e+01
1.515023987879808054e+01
1.955782312925170530e+01
1.891444405632196180e+01
2.016633290764564634e+01
1.869702411963088551e+01
1.677589857369749993e+01
2.373802628647805690e+01
1.865323048872090794e+01
2.209970133719034990e+01
1.754383216818268920e+01
1.917339532600457730e+01
1.677222390393516349e+01
1.662594514883834762e+01
1.948251327538455158e+01
2.226018262975781425e+01
1.728183551562312914e+01
1.892168412301380798e+01
2.346343574487985961e+01
2.175956772939275652e+01
2.610656778901529762e+01
1.919322023354225593e+01
1.719222841103460553e+01
2.256396223176789917e+01
1.675696422214311454e+01
1.815014682734384621e+01
1.877811543530591010e+01
2.025142363884666352e+01
1.736497858963886642e+01
2.059999626867991651e+01
1.764204202391015386e+01
1.614763552479815445e+01
1.805186008737559433e+01
1.888264436526984724e+01
1.932380834828989791e+01
1.701515144932887935e+01
2.829931706489596976e+01
2.268724930142922247e+01
1.757729222683408565e+01
2.298728426339508601e+01
1.923894557823129503e+01
1.706557257877202716e+01
2.244427277038312951e+01
1.750779218616267130e+01
1.983597623928189435e+01
2.204576893332897924e+01
2.306801999050611229e+01
1.981573426976753183e+01
2.144412258321822051e+01
1.994861864355542025e+01
1.877714416176752721e+01
1.581418293108539785e+01
1.796281655296467505e+01
1.787766837345818161e+01
1.806379024769143626e+01
1.712259213548095005e+01
1.715594863871277198e+01
1.688987976183491213e+01
2.243172140129489378e+01
1.828580255081266870e+01
1.838182159787258385e+01
1.958936718904979202e+01
2.145921650356810773e+01
1.447596069903652705e+01
1.978724687807919125e+01
1.377474550929613173e+01
1.592519541237490266e+01
2.073371717971932782e+01
1.680058436815193446e+01
1.937278592503157881e+01
1.952827479429134883e+01
1.564188130669274202e+01
1.778397022455271426e+01
1.767676767676767469e+01
1.516296730622102551e+01
1.968053146504324502e+01
2.723726622522536900e+01
1.797809949636489790e+01
1.896282883154771426e+01
1.685803570359550463e+01
1.913265306122449161e+01
1.544759403722870061e+01
1.650960625319600084e+01
2.003159268331769027e+01
1.524785577028230499e+01
1.573137682596338216e+01
1.653317991188360381e+01
2.137744008208937530e+01
1.564695740484878073e+01
1.608994631297825961e+01
1.615572209191705255e+01
1.664478076148683172e+01
1.733634803984827499e+01
1.718682671591258782e+01
1.668599504410353518e+01
1.438082345500981951e+01
1.635384934124201095e+01
1.693616847240479117e+01
1.386530347858055734e+01
1.578008136024301145e+01
1.774226780522423752e+01
2.008372222896130666e+01
1.459456911664240764e+01
1.691826572186140609e+01
1.467214089302744284e+01
1.536535291870741204e+01
2.592000000000000171e+01
1.867120016509271707e+01
1.511499948965961160e+01
1.930461641205442902e+01
1.489852922576952743e+01
1.678824666563669155e+01
1.744050334751562303e+01
1.527459646910875080e+01
1.511289742835669614e+01
1.543407611037985383e+01
1.931654916636038521e+01
1.520208511799478401e+01
1.391304347826087096e+01
1.602562929865552732e+01
1.690673828125000000e+01
1.613435428615793654e+01
1.631979680369361674e+01
1.660260529515609917e+01
1.592017799643454445e+01
2.029056083110137720e+01
1.493402234672798023e+01
1.540156879078162255e+01
2.119638450241487604e+01
1.618733390387820492e+01
1.731301939058171868e+01
1.408348134029000676e+01
1.393923953356276257e+01
1.558831206700406469e+01
1.323138597360479451e+01
1.663107034067434853e+01
1.537870049980776699e+01
1.799299343109850113e+01
1.853542731921110587e+01
1.791765563785066817e+01
1.566700493154587015e+01
1.379216207070118116e+01
1.574400000000000155e+01
1.922808722992650132e+01
2.061546792301909647e+01
1.806662645823485391e+01
1.986474112062149544e+01
2.573439305346451889e+01
1.927880448533330693e+01
1.797595945043424592e+01
1.809607890602380209e+01
1.396457689566338267e+01
1.780623177643466803e+01
1.924856101483381110e+01
2.233045431910641909e+01
1.898871527777777501e+01
1.690330433832581747e+01
1.454246476792435772e+01
1.505116369440390578e+01
1.409105729689288999e+01
1.806677239415613556e+01
2.094255669160213884e+01
1.516296730622102551e+01
1.559447308335098370e+01
1.717476178857969771e+01
1.745459798248922567e+01
1.521154521369976820e+01
1.943412270109793383e+01
1.999752631755378474e+01
1.722147482402360197e+01
1.699590155973816863e+01
1.998718747895517822e+01
1.705496868087569950e+01
1.721379533809919238e+01
2.139438085327783057e+01
2.083093065973791624e+01
1.885917159763313578e+01
1.671396020991062770e+01
2.049687219942130056e+01
2.643058062976458089e+01
1.799340486629798619e+01
1.644157580375047800e+01
1.590347601264004496e+01
1.900945594264191385e+01
1.651611384017634521e+01
1.515555555555555678e+01
1.808021038790269230e+01
1.676867251726079999e+01
2.213703764978189525e+01
2.230357980716490118e+01
1.699558741292698016e+01
1.783107826652138783e+01
2.728584043130823034e+01
1.929590579253679294e+01
1.530462199584274252e+01
1.710422790199540444e+01
1.663643124329728451e+01
2.290383053706910843e+01
2.522735286744094907e+01
2.082950065453285049e+01
1.972454758681184828e+01
2.908244874218408782e+01
2.125038010448480108e+01
2.586124381096579228e+01
2.143190487785082254e+01
2.827556895292984862e+01
2.322639024480097092e+01
2.047117828690356589e+01
1.453485310319113566e+01
1.412516436554898114e+01
1.554328022830878275e+01
1.409305668951736301e+01
1.377859126580611182e+01
1.511896767497939287e+01
1.818686658336804030e+01
1.564879644841280992e+01
1.598197267040725755e+01
1.553910999747489718e+01
1.982222222222222285e+01
2.066202359797353338e+01
1.882168414861288497e+01
1.830860080773727816e+01
1.680030615925774384e+01
1.743124246410036093e+01
1.675257035559928553e+01
1.799075860753201894e+01
2.039247277098239408e+01
1.969124133585381387e+01
1.533333333333333393e+01
1.886223027010714048e+01
1.826510022018821644e+01
2.222410175524398568e+01
2.157997661186505667e+01
1.788159963249534812e+01
1.693717714925058715e+01
2.318258300960459550e+01
1.765624999999999645e+01
1.658853328091914747e+01
1.942964879745712992e+01
1.870288255726826776e+01
2.222128520829819820e+01
2.385198182011854584e+01
1.553132668592550836e+01
1.968927928375719461e+01
1.744027379076730710e+01
2.056615343110410166e+01
1.823971828941221673e+01
1.758903484131887751e+01
2.176117232935414592e+01
1.737844886431836500e+01
2.145030482378070857e+01
1.733117512318341014e+01
2.361366122588635008e+01
1.986857796128834153e+01
1.990217574633159359e+01
1.459876665105703175e+01
1.589670631566236025e+01
1.572906310298246879e+01
1.603118563750681602e+01
1.884341599566888448e+01
2.052541555194947520e+01
1.760000000000000142e+01
1.384105014206124018e+01
1.523370631114738849e+01
1.399675378040762652e+01
1.604074564706375838e+01
1.721169118961719491e+01
1.502872339932509504e+01
1.361111111111111249e+01
1.519366930445647412e+01
1.425403480168088244e+01
1.464888623550571900e+01
1.928703258618336491e+01
1.442414791713076028e+01
1.838507255913400940e+01
1.729803459606918992e+01
1.530661227535961366e+01
2.036779867861801918e+01
2.118292840170199653e+01
1.419520926473991196e+01
1.631643254483224226e+01
1.578577765363348462e+01
1.629612834907981522e+01
1.473806130339946208e+01
2.009844113398497001e+01
2.118131203098523585e+01
1.883617052325691787e+01
1.720478803701138304e+01
2.208368016036149228e+01
1.996717121642761228e+01
1.672506384336345775e+01
2.122713916056313366e+01
2.216611319066478103e+01
1.768828193436804597e+01
2.241125064130035938e+01
2.081297051612353854e+01
1.981500081162243276e+01
2.235650538063095283e+01
1.774795390754814761e+01
2.160719277836394880e+01
2.251627809283763781e+01
1.615734314524717163e+01
1.799891833423472320e+01
1.670591514467143668e+01
1.481081511109380955e+01
1.411267560200641924e+01
1.625454446426383015e+01
1.472841880032962614e+01
1.578281221202731821e+01
1.679782142137236178e+01
1.581157031007263569e+01
1.547719208824559445e+01
1.466722762379333034e+01
1.542903744847803793e+01
1.535173179343654049e+01
1.652257078491743059e+01
1.514912215671927775e+01
1.627136598678540480e+01
1.410868389493733055e+01
1.369712908174446753e+01
1.498080584251427894e+01
1.583059991641442821e+01
1.491918625219320838e+01
1.429387168671369679e+01
1.540324771553756200e+01
1.466464430990486001e+01
1.642612267520080138e+01
1.589042731766697258e+01
1.782158144462720628e+01
1.761214125400762853e+01
1.429312381635068441e+01
1.386560314315229725e+01
1.563298999196435268e+01
1.736732897959047861e+01
1.509479531457553136e+01
1.631063395377218583e+01
1.417665014844588001e+01
1.514134607640473540e+01
1.626884169503050970e+01
1.573683985840192712e+01
1.355001031648512644e+01
1.653309664900235632e+01
1.743058176761147138e+01
1.596218937389452286e+01
1.662212991223514891e+01
1.433807301921395982e+01
1.489787536116960709e+01
1.550685255198487411e+01
1.524567041666510825e+01
1.606020049998737420e+01
1.642978832644869414e+01
1.492639820516929916e+01
1.575620187527191618e+01
1.537430383770263376e+01
1.673797633707582122e+01
1.629675474848979988e+01
2.080407507700902414e+01
2.000604182463103342e+01
1.480460967722898680e+01
1.752230045251485890e+01
1.649133437906290922e+01
1.424287427440613030e+01
1.732355327203893935e+01
1.608979582196714375e+01
1.470348574015391385e+01
1.551287812032546398e+01
1.667022097804636616e+01
1.518373201953679796e+01
1.678147678257451503e+01
1.442221020371371765e+01
1.780767708745548106e+01
1.752332183770970886e+01
1.760388573575386673e+01
1.774400884392037625e+01
1.761792262879540161e+01
1.962995408009778231e+01
2.432773224418190239e+01
1.722955730555768383e+01
1.534672078943531837e+01
1.510519528537546918e+01
1.641024589086801910e+01
1.957425725242144665e+01
1.456985729298948407e+01
1.438130996854341603e+01
1.646468763560499582e+01
1.414314962703990730e+01
1.587927651967237175e+01
1.677941888818647342e+01
1.275913809470342741e+01
1.738742997484256492e+01
1.507040895061728136e+01
1.590355648379162190e+01
1.400053768936157006e+01
1.610275251128781449e+01
1.873214592341673423e+01
1.882161372588929638e+01
1.694822947641298683e+01
1.782130777451883930e+01
2.377492913574390343e+01
1.335223127009850685e+01
1.358670189839021347e+01
1.490154105864028544e+01
1.565603370042233600e+01
1.612557998432685835e+01
1.730471891387998085e+01
1.679720608450596941e+01
1.436983132980756928e+01
1.375324037068136818e+01
1.526216585395633452e+01
1.562431472303846469e+01
1.980284654405787848e+01
1.748181618736941090e+01
1.550173010380622962e+01
1.569781607745282770e+01
1.553778670204501289e+01
1.468658447265625178e+01
1.404450547735713428e+01
1.484567847201554436e+01
1.907087891964735960e+01
1.878458029726956724e+01
1.524560454190179470e+01
1.971240502936891303e+01
1.681489319111212311e+01
1.512802545381050656e+01
1.661339243617301520e+01
1.322643965286607504e+01
1.541430984103155488e+01
1.743280320585919441e+01
1.688056422707827409e+01
1.597712355797713357e+01
1.478458049886621417e+01
1.482680040870397242e+01
1.628083507202973124e+01
1.618175345480436533e+01
1.419447965767282405e+01
1.390241998355236497e+01
1.419005102040816091e+01
1.588432314755172214e+01
1.735846500364104372e+01
1.643347053800739488e+01
1.745577697073026613e+01
2.544833570665717559e+01
2.022087521062010040e+01
1.682806773314124271e+01
1.653415608559787842e+01
1.939344860925323388e+01
2.162830879473725432e+01
1.768732595558908471e+01
2.237721068819685044e+01
2.805326885684705474e+01
2.226385081003646249e+01
1.891954119926009170e+01
2.004575963060503341e+01
2.141005515857744257e+01
2.064521477400264970e+01
2.178465864925213680e+01
2.077949199885138398e+01
2.068635006624793959e+01
2.086865616716517380e+01
2.256062452892780357e+01
2.308073276952643482e+01
3.412951533487880340e+01
2.133592771135509381e+01
2.203791561623602746e+01
2.454990958149399205e+01
2.184622788465191690e+01
2.067806090047929501e+01
2.194770769437439029e+01
1.590694615230632891e+01
1.766050620243518310e+01
1.987558350559486087e+01
1.855722818218984216e+01
1.814665850222133514e+01
2.161842555039218183e+01
2.561532135786302078e+01
1.796538295272297248e+01
1.891789024341983350e+01
2.111818397935190461e+01
2.231304178519352632e+01
1.666115702479338978e+01
1.870246912012110130e+01
1.892106987921725292e+01
1.524761512972752442e+01
1.839843749999999645e+01
1.440941238680679604e+01
2.217570098649321864e+01
1.680058436815193446e+01
2.097502972651605191e+01
1.870381596212429542e+01
1.600645197755677529e+01
1.923376278333224931e+01
1.835884820463388323e+01
1.763444046484063321e+01
2.007448354889707076e+01
1.768889760263155253e+01
1.778184219885179473e+01
2.218716451334975304e+01
1.898163727401705358e+01
1.707301299877126155e+01
1.736765931318801748e+01
2.180197287000412487e+01
1.895369117034568873e+01
1.819215737300428160e+01
2.225959635931935310e+01
2.002691321657259849e+01
1.734787405288545870e+01
1.931036706552773907e+01
1.849512115995986861e+01
1.648189233712403734e+01
2.100399075824406836e+01
1.824077527364862661e+01
1.615892140783810405e+01
2.094565257707890638e+01
2.216974827355758748e+01
2.052532765063477171e+01
1.736044134099764591e+01
2.108281329060550036e+01
1.992897473192422098e+01
1.933376647818384342e+01
1.990267591477674358e+01
2.035216711571462511e+01
2.265876801716864364e+01
1.790189760114572337e+01
2.272189349112425916e+01
2.266606576407875195e+01
1.694999871163905780e+01
1.805719583669054629e+01
1.833129382514616523e+01
2.428276246440469777e+01
1.659900702048272336e+01
1.868014270770171237e+01
1.936454979744037885e+01
2.346472649027948876e+01
1.917726476288993709e+01
1.803732665598574059e+01
1.900945594264191385e+01
1.632155294987127903e+01
1.897067797323457938e+01
1.567773078730403036e+01
1.976278075500410125e+01
1.663751620678553067e+01
2.294235543929672971e+01
1.982202746082489142e+01
2.171722321465223260e+01
1.876951331496786324e+01
2.298397688468610767e+01
1.956944135046162003e+01
2.253157753292126131e+01
1.795992276494119722e+01
1.596003842200278733e+01
2.026330528710455781e+01
1.823529411764706154e+01
1.666816975443840576e+01
1.930795847750865235e+01
1.815970034306518244e+01
2.045445685971090199e+01
2.006124454143801472e+01
1.909211433372748346e+01
2.033374112386177046e+01
2.230830603846477445e+01
1.695790446957424180e+01
1.740537439282640619e+01
1.972385898000371895e+01
2.487778394998747089e+01
1.945879831109985858e+01
1.821706811959211336e+01
1.951819494284021772e+01
1.893708704395288578e+01
1.453882296323501322e+01
1.787909062812209982e+01
1.575434280897168549e+01
1.459244011994687362e+01
2.010314066514129649e+01
2.212572741103829443e+01
1.782394219222666720e+01
2.192978669397242086e+01
2.548862402464584775e+01
2.207199160230847923e+01
1.741375792413933965e+01
1.635377048242729359e+01
2.352553911554003818e+01
1.444024636405983308e+01
1.805471615367999760e+01
2.117425614784950838e+01
1.719779420811848070e+01
1.812991330353078467e+01
1.554247774256828230e+01
1.819480823685905335e+01
1.607448751073640381e+01
1.558907014393088630e+01
2.010230051111782146e+01
1.713719008264462573e+01
1.706347775207789041e+01
2.354284719538622994e+01
1.717326813851910572e+01
1.452008416237602972e+01
1.473198137626797077e+01
1.312901444864872147e+01
1.829480011015193952e+01
1.511573271080426828e+01
1.951583489327838095e+01
2.309113300492610676e+01
1.780626780626780459e+01
2.139184512304131047e+01
1.804856873695423403e+01
1.569603102401718075e+01
1.718125508226157550e+01
1.996637516454013195e+01
1.555555555555555536e+01
2.393073980724175343e+01
2.317554240631163509e+01
2.616461102238107372e+01
2.423388716389440845e+01
1.792850627889473358e+01
1.732167418712592166e+01
1.871772504419949001e+01
1.670581067403032449e+01
1.758637898447620529e+01
2.515241469564939436e+01
2.451768684609349691e+01
2.478926699074781581e+01
1.916619390055045358e+01
1.780610799763494612e+01
2.803497805204571947e+01
2.562867896345358432e+01
1.965086511239616840e+01
2.829576714164975471e+01
2.623270170947812119e+01
1.485606887688119571e+01
1.636726935536080063e+01
1.740827257306413500e+01
1.612148814063028723e+01
1.737607595090386070e+01
1.643790581079970181e+01
1.451179083004941361e+01
1.595912738079448623e+01
1.556261089164113898e+01
1.552664342990808422e+01
1.572241134957387665e+01
1.571461069671100930e+01
1.661945356898610626e+01
1.636442241881643511e+01
1.404316980232080958e+01
1.734881232922262484e+01
1.777634780510366141e+01
1.562228635484694017e+01
1.561188345856964332e+01
1.371428571428571352e+01
1.497152317307204328e+01
1.602562618050042076e+01
1.410224124905565724e+01
1.558124445051567619e+01
1.457652624955218279e+01
1.781848689227558324e+01
1.680275497970647436e+01
1.315686428067977509e+01
1.553058797835424798e+01
1.445898605327516329e+01
1.585265797637448060e+01
1.626321386126227608e+01
1.545415519810105742e+01
1.662026306397770981e+01
1.688056422707827409e+01
1.557662229882855875e+01
1.615208806118411289e+01
1.478754086634355502e+01
1.358182161753590300e+01
1.373608077148490025e+01
1.627166756248320212e+01
1.646799257154648544e+01
1.627851304674942767e+01
1.456844102579591116e+01
1.519695703283883681e+01
1.450662300435536167e+01
1.591978923447663874e+01
1.511703022654888784e+01
1.334975238776580753e+01
1.505513944822913963e+01
1.730092093554353738e+01
1.536540551731276416e+01
1.774143286430378197e+01
1.638027967413959374e+01
1.478899364658148308e+01
1.444882785571967432e+01
1.467221442472462023e+01
1.561788511524275336e+01
1.506925207756232687e+01
1.522266959956767352e+01
1.546902915963218561e+01
1.430855988553151903e+01
1.528905581586417384e+01
1.518370383679542712e+01
1.696511236427910418e+01
1.664101177351583161e+01
1.671072728427286336e+01
1.376062487721810790e+01
1.618819512661743687e+01
1.483234714003944887e+01
1.577207169039768431e+01
1.689312586748484435e+01
1.346745675746310411e+01
1.595617837253994153e+01
1.582656709282380270e+01
1.448523225774888346e+01
1.405258425300169378e+01
1.265466416796294169e+01
1.649143089789829020e+01
1.704262181659087005e+01
1.751858150667674252e+01
1.643689104916599675e+01
1.647248498178875309e+01
1.474344771859401781e+01
1.579501472885123192e+01
1.590647870144492515e+01
1.723955267435613692e+01
1.512287334593573007e+01
1.484604028922595553e+01
2.074700255868191334e+01
2.593080508722502842e+01
1.925539104303393856e+01
2.160721742118369448e+01
1.867142052917996153e+01
2.146524367695495883e+01
1.813282132561174365e+01
1.694275851477942751e+01
1.871300378719521618e+01
1.956463316312819600e+01
2.257904747634922060e+01
1.752748091048452395e+01
1.805577755282054753e+01
1.682852474877008930e+01
1.579714943597857513e+01
1.547276153086952633e+01
1.679489585288046527e+01
1.917142250816113602e+01
1.778093072686165499e+01
1.756320313795896126e+01
2.164943004085795053e+01
2.028405077019733582e+01
1.790956986868829048e+01
1.859504132231404583e+01
1.610440094405108979e+01
1.814862465769178002e+01
1.881253582836879445e+01
1.578376063327032419e+01
1.883999708461359290e+01
2.328785732306079836e+01
1.901816234503951009e+01
1.867014754163205481e+01
1.727171501670222398e+01
2.126904533196471903e+01
1.540677160446119842e+01
2.355486496108549943e+01
1.950919899531334423e+01
1.717797943765724611e+01
1.973782995274222429e+01
1.961660011330093667e+01
1.862264513648597131e+01
1.858733198283346510e+01
1.502507645013787752e+01
1.509973412327453524e+01
1.916686432495501791e+01
1.525650178782501953e+01
1.617981276453785355e+01
1.781734989192045049e+01
1.490911789501975626e+01
1.603548089996052894e+01
1.475935541869607626e+01
1.534639620655781656e+01
1.594121613952152927e+01
1.732167418712592166e+01
1.907571064139941441e+01
2.317220850085837469e+01
2.251227548728056505e+01
1.433723804671318902e+01
2.068905817174515249e+01
2.016513863147978469e+01
1.786862154027517846e+01
2.014168303426708206e+01
1.899293238189857647e+01
1.751153801580214520e+01
2.235688208062027371e+01
1.786279333258479696e+01
1.598627657792219026e+01
1.569562306410995767e+01
1.508049523357462007e+01
1.719294858587997865e+01
1.555738163840032406e+01
2.040650736338188054e+01
1.418703026502334374e+01
1.426872770511296373e+01
1.539401685878088699e+01
1.947029819721491961e+01
2.013624901200647344e+01
2.496406353096427111e+01
1.672583826429980292e+01
1.611663949326286982e+01
1.452371582241712211e+01
1.740119831612083701e+01
2.520025640649237175e+01
2.084444444444444500e+01
1.803728159290169941e+01
2.359280503706387222e+01
2.435612098063491615e+01
2.297527130075913249e+01
1.686609738382410484e+01
1.553755290351056217e+01
1.604034868068131914e+01
1.607510288065843795e+01
1.610976995129618317e+01
1.536096276158328777e+01
1.839567895183357393e+01
2.077937452849472066e+01
1.916048193599986149e+01
1.806535371350186736e+01
2.105673300165269524e+01
2.086540094488529462e+01
2.619567726925603779e+01
2.277555575519314246e+01
2.776314681351871982e+01
1.406287623252510777e+01
1.714611490468903199e+01
1.752550315956402116e+01
2.331727271580704297e+01
2.394253044489149929e+01
3.320282777416542785e+01
2.751360421504581666e+01
2.362640351056484889e+01
2.199762187871581176e+01
2.123774314413265785e+01
2.723044581685891075e+01
2.054793850360779572e+01
2.691387179718570266e+01
1.552343300122231540e+01
2.122984132265295898e+01
1.971904847250090498e+01
1.649632066555080456e+01
2.368765834097347067e+01
2.334985595084699028e+01
1.982199918284819518e+01
1.798730401912071386e+01
2.700580511340169210e+01
2.017388686062705005e+01
1.625049544193420559e+01
1.920938572104858721e+01
1.861771987771686199e+01
2.220475344765675985e+01
1.945757244513031026e+01
1.986806064580841635e+01
1.954940920761780632e+01
1.917704333575952447e+01
1.602499087184064308e+01
1.946225424313863783e+01
1.960000000000000142e+01
2.114609663766163550e+01
2.428740260000400397e+01
1.780615870993040062e+01
1.550232334561768788e+01
1.922639649441068599e+01
2.063293413840206725e+01
1.757933626950536166e+01
1.947684728119698150e+01
1.690699563822206741e+01
1.906883492982846917e+01
1.934450870829657276e+01
1.845088064602130373e+01
2.098010248738602357e+01
2.142070579463377911e+01
1.613757811067818082e+01
1.878846776805960772e+01
2.047004038357586353e+01
2.005584542384686486e+01
1.684483317136378488e+01
1.824439789042271087e+01
1.568857935816148697e+01
2.066022815155616499e+01
1.740784780023781408e+01
2.031337962094201544e+01
1.709183835418293640e+01
1.774164932823664387e+01
1.604074564706375838e+01
2.370411659033794294e+01
1.464121750336020789e+01
1.892894155252281507e+01
1.674578855210723205e+01
1.646363762723895618e+01
1.612361255636489332e+01
1.860003720007440009e+01
1.456377405750017751e+01
2.468308030105989204e+01
1.569835047763011460e+01
1.546412693864017740e+01
1.812249923053246903e+01
1.322856012210978349e+01
1.775553932701490467e+01
1.481058732120675003e+01
2.294099793816000243e+01
1.343727694120277327e+01
1.850534029813351466e+01
1.513290249069771676e+01
1.696801833358819067e+01
1.407505370598924088e+01
1.615547839506172778e+01
1.941393482865519360e+01
1.673409888736836137e+01
1.849112426035502921e+01
2.658401676628244914e+01
1.719207947376782997e+01
1.648348293959515942e+01
1.445850998873418369e+01
2.192050164735891826e+01
2.813657642077062349e+01
1.780600236198691633e+01
1.880708514189345237e+01
1.819648609711420661e+01
2.146072459899536256e+01
2.283286501153202153e+01
2.195780722887866077e+01
2.280085407311331380e+01
2.920242526875586009e+01
2.100391598433606077e+01
2.258028096321026723e+01
1.967945234722195735e+01
2.283566049268106823e+01
2.268842793247033640e+01
2.382489034422333418e+01
2.004615013372478671e+01
2.472130472262482215e+01
2.205007345973292487e+01
2.045019358639845208e+01
2.237933367851358213e+01
2.091476329810463852e+01
2.224775766861374393e+01
2.147536897576955539e+01
2.163916530799647475e+01
2.225273867856808252e+01
2.380490530023820739e+01
2.532446976891421642e+01
1.830819425366358288e+01
2.344226439664540251e+01
2.549857994444618114e+01
2.388888888888888928e+01
2.685150178533921306e+01
2.223910346904824564e+01
2.127206112036650865e+01
2.009406916698285528e+01
2.194390188667379249e+01
2.232863494124755377e+01
1.891516091647230624e+01
2.401945892218208911e+01
1.910402139650396336e+01
1.900223641705524003e+01
1.874813237805845390e+01
2.665823914336704803e+01
2.223672604353514259e+01
2.365491651205936918e+01
2.000117340217292750e+01
1.954345739023742823e+01
2.316109547156352377e+01
1.975883036117393843e+01
2.330108587735992032e+01
1.791779284716920273e+01
1.690349789924827562e+01
1.922771184617830542e+01
2.145570658690192545e+01
2.113616608188618073e+01
2.091121243125015638e+01
1.683766382390112426e+01
2.156742969821673128e+01
1.966229372147211762e+01
2.600291722139556683e+01
2.231392167609844179e+01
2.072727779429251527e+01
2.081297051612353854e+01
2.389968060750283385e+01
2.391830153184627150e+01
1.752044545576695711e+01
2.149498852795555948e+01
2.101029904215011967e+01
2.139261590976521532e+01
2.073314691343750482e+01
2.076238907839848480e+01
2.341453133639843287e+01
2.758494031221303899e+01
1.972318339100346307e+01
2.055372324263192141e+01
2.144008663993986019e+01
1.886550717739256910e+01
1.818042854254921892e+01
1.985058231178536303e+01
1.931154127100073126e+01
1.984024291358279868e+01
1.700447468725265665e+01
2.115595535609855560e+01
2.201648948258882754e+01
1.917339532600457730e+01
2.392938607746865642e+01
1.964513483965014018e+01
2.733497880623091092e+01
2.167644960770295626e+01
1.563447180423723104e+01
1.614289629512743929e+01
2.081425744328922889e+01
1.770094715594431278e+01
1.997102525113444571e+01
2.032468555216349415e+01
1.375193963924762741e+01
1.585592887628069469e+01
1.905575483796106084e+01
1.567394280480308488e+01
2.401388513494526222e+01
2.190760467727359639e+01
1.835425951250157794e+01
1.543816602821273065e+01
1.483678709924876316e+01
1.631020637722820510e+01
1.343724805159903291e+01
1.467528470298553422e+01
1.529400887937699061e+01
1.635429610531114974e+01
1.753815058771201052e+01
1.839654145020735854e+01
1.510893171254213385e+01
1.545877788055002355e+01
2.025837813244573127e+01
1.446645956787706666e+01
2.159003442204750556e+01
2.287613028038482810e+01
1.606737663664726057e+01
1.882054746092271102e+01
2.033992609389435557e+01
1.587173932561702472e+01
1.590407839552073455e+01
2.644280052145396809e+01
1.609207688875669717e+01
1.740005608075628984e+01
1.992702645107440063e+01
1.948146110280654852e+01
1.772667806448115613e+01
2.011029345181679062e+01
1.552003583717366197e+01
1.750528659655215691e+01
1.632535548863678798e+01
1.955757315817458064e+01
1.673054988710515900e+01
2.036073416544796544e+01
1.402052454956389127e+01
1.624718406759773970e+01
1.454468953256354702e+01
1.789411078183247383e+01
1.558168747751716410e+01
1.479498254013807035e+01
1.671049313150232152e+01
1.945524472550208017e+01
1.664324848326416983e+01
1.764170721094893324e+01
2.076177228500683825e+01
2.290208662049977306e+01
2.355854066388891965e+01
2.109137059548578463e+01
1.691975330775574804e+01
1.736375348614865644e+01
1.413409788240028497e+01
1.573426467220180314e+01
1.705620496261406771e+01
1.925581525620737011e+01
1.724137112122583915e+01
1.635939493309689041e+01
1.653606153293988257e+01
1.623813180689613844e+01
1.726339895186506368e+01
1.799902528355387687e+01
1.544270295863735143e+01
1.792345927082833157e+01
2.269562161599333194e+01
2.241274343116363710e+01
1.980138660370754167e+01
2.203334896449068125e+01
1.493648636779894900e+01
1.678956168964666773e+01
2.325811009255963313e+01
1.711343966109778592e+01
1.526836085088763717e+01
1.799236240657947050e+01
2.385176130349875478e+01
2.472568733305935140e+01
1.903135778994107596e+01
1.641184222389100000e+01
1.702881596425552502e+01
1.888059562760262367e+01
1.655814764677058903e+01
1.468849766753736219e+01
1.808336950007233312e+01
2.123120578958650384e+01
1.910238764471403172e+01
1.948966017481393465e+01
1.899917961139628630e+01
2.027224669568364135e+01
1.909161609326976716e+01
1.933917378713130475e+01
2.058110625096989921e+01
1.921102449456267536e+01
1.817512402261945681e+01
2.194846702432663932e+01
2.001549586776859613e+01
1.640087761430826063e+01
2.265392699988987246e+01
2.423154369882520598e+01
1.953321764571926522e+01
2.052449698647342657e+01
2.316825754250838898e+01
2.123425883031117323e+01
2.014486192847442325e+01
2.349438291082376651e+01
1.758782922217825373e+01
1.677240795870260470e+01
1.772781320938277005e+01
1.616960038534710620e+01
1.649280285498271326e+01
1.504848702625875490e+01
1.628752162388910563e+01
1.565987779093391197e+01
2.579352284958903851e+01
1.766895013306928064e+01
1.891021666918614130e+01
2.098120887810149071e+01
1.645633355198123127e+01
1.953430223472417637e+01
1.704823941410883847e+01
1.785120650551075983e+01
1.652850531455016991e+01
1.521139876086622955e+01
1.514584679567844105e+01
1.799656874759287462e+01
1.789110319599647170e+01
1.833322366884472032e+01
1.737451620173635547e+01
1.775574951321468831e+01
1.585414189456995793e+01
1.688222892172554879e+01
1.631632068788152168e+01
1.530220985016732627e+01
2.236571712018140445e+01
1.818075869704562564e+01
1.680156442581108323e+01
1.438586498548734482e+01
2.656031914879488909e+01
1.548430923331025255e+01
1.531638723634397081e+01
1.584591216446963990e+01
1.383940540030981836e+01
1.400370856833809974e+01
1.502347199978653336e+01
1.431844215349369520e+01
1.576422966007239523e+01
1.344631363839266491e+01
1.697058531999314823e+01
1.542029863035209658e+01
1.546818431386757631e+01
1.534931583847619585e+01
1.703382981689894393e+01
1.757195931632220720e+01
1.735185459776823791e+01
1.647289263994757391e+01
1.543798109404356467e+01
1.514751262475659566e+01
1.526350579893035153e+01
2.364702675390164899e+01
1.672396713478235242e+01
1.677967186910089836e+01
1.625741122292229335e+01
1.588148148148148309e+01
1.485474444032151986e+01
1.778425858944880744e+01
2.058036002767323680e+01
1.821210866794912064e+01
2.163130445659380641e+01
1.974373987282308462e+01
1.947521484821749738e+01
2.072749167533919135e+01
1.771895506902544781e+01
2.267383666378968243e+01
1.873728103163843528e+01
2.015304674779298466e+01
1.529800376752597124e+01
2.190873945876649742e+01
1.688817620785291496e+01
2.594270248946936164e+01
1.499506461652778810e+01
1.866367315987357500e+01
1.999752631755378474e+01
1.737611515791687822e+01
1.886621315192743609e+01
2.127867141913893079e+01
2.282847954902307563e+01
1.719042663891779199e+01
1.941237501734722670e+01
1.927484155726573078e+01
1.664932362122788589e+01
1.613850797514933788e+01
1.715667831228164530e+01
2.069582519730638381e+01
1.953972710503472143e+01
2.501090591827831489e+01
2.009184019690721712e+01
2.632982777015698161e+01
1.927066298758231966e+01
2.431588613406795574e+01
1.798506325255296190e+01
2.015979569389789816e+01
1.859502151846562157e+01
2.182640441999240011e+01
1.964168871641563996e+01
2.193040135227596465e+01
2.362386949356279686e+01
2.088958513482554835e+01
2.093910719411258015e+01
2.072824594690483835e+01
2.061779271487537102e+01
1.978042007674664760e+01
2.181348568884124006e+01
2.131537288580442180e+01
2.301972203526226579e+01
2.095579618121168153e+01
2.358107833989208046e+01
2.170631566235961785e+01
2.216892722545799543e+01
2.533506854035026379e+01
2.121033583031731595e+01
2.094491715693923339e+01
1.857185679469300865e+01
1.717032347662978253e+01
2.062693569937627203e+01
1.967678769295710595e+01
2.033821969816657571e+01
2.220891039739041872e+01
2.104370172986547871e+01
2.125913881433038100e+01
2.102987800445373878e+01
1.982855181969453184e+01
2.042835711321778547e+01
1.945549238476293752e+01
2.232246523912753133e+01
1.998448689126227862e+01
2.138954396793509360e+01
1.601599733792354741e+01
1.744224443866172081e+01
1.692288559050365038e+01
1.489645088928056360e+01
1.529618491833780602e+01
2.141781421060700907e+01
1.871047626458788216e+01
1.497674519927240233e+01
1.583155671193671488e+01
1.515607931723435264e+01
1.577909270216962589e+01
1.571954020054884538e+01
1.467135011352830354e+01
1.477565168677018903e+01
1.802075703763076930e+01
1.446880544176119265e+01
1.511191062723668033e+01
1.409305668951736301e+01
1.459695139647047668e+01
1.609009418843891126e+01
1.653142048027370237e+01
1.524904965744098995e+01
1.640360907084974684e+01
1.523398125712506079e+01
1.488037829228369446e+01
1.479758204458343407e+01
1.537711711145535354e+01
1.622578543699430753e+01
1.562214663988311969e+01
1.560368459045251655e+01
1.524358069365327495e+01
1.444619082840236679e+01
1.521984095623473898e+01
1.490718145257677563e+01
1.780569733025440371e+01
1.407146519646167526e+01
1.547066800023824840e+01
1.614234502587344267e+01
1.619589693147138121e+01
1.625566522064032782e+01
1.582214561760230431e+01
2.167043504981034374e+01
1.688121964314699497e+01
1.466236642991470340e+01
1.716953073671711039e+01
1.684772548475172727e+01
1.419301756892817679e+01
1.500494597962513232e+01
1.572063458497872368e+01
1.481801871075227517e+01
1.484834967678654749e+01
1.512400672748227670e+01
1.604958004695160056e+01
1.698658060132495606e+01
1.828895533374238980e+01
1.650289745527840424e+01
1.879635792433194297e+01
1.698662324339069940e+01
1.469647623228356181e+01
1.716604589240256473e+01
1.514528214227969016e+01
1.775494276795005177e+01
1.424174403972383907e+01
1.544008875739644715e+01
1.526629935720844777e+01
1.664644112060094727e+01
1.725149419293351727e+01
2.030924531325107907e+01
1.864245242508980738e+01
1.765984922903720999e+01
1.916451974548774828e+01
2.395209580838323404e+01
1.855038723071336904e+01
2.101307550223405229e+01
2.316696595403916703e+01
1.614439058171744890e+01
1.944615296874635035e+01
2.263836241404559502e+01
1.807443655454379794e+01
1.929442161053573201e+01
1.542962606894669086e+01
2.063089165805784475e+01
1.994813484939158243e+01
2.117413323803661385e+01
2.102815922858618691e+01
2.110914198692924870e+01
2.245661702399777937e+01
2.246180470142850538e+01
1.665986516208214852e+01
2.079654027153507911e+01
1.693607499710659070e+01
1.892168412301380798e+01
1.808317540560122438e+01
2.478719477410766814e+01
1.915251413249417212e+01
2.051267541874151235e+01
1.918065701226024089e+01
1.529828932343315451e+01
1.766739753752740683e+01
2.342482049284704360e+01
2.340922481272620459e+01
2.284464823321122395e+01
2.249456300594586367e+01
2.029952322434619560e+01
2.197384381407434617e+01
1.918220143276893808e+01
1.803911900065746110e+01
1.905590510244140745e+01
1.689593090376975582e+01
2.027235568189712112e+01
1.563649057583895541e+01
2.021555114059577107e+01
2.351344527206160606e+01
2.597715034499703179e+01
2.016100891892018154e+01
1.881531540840859407e+01
2.246977534781704477e+01
1.850278227022285549e+01
2.080855387274436907e+01
1.867653894680921667e+01
2.266996294374303389e+01
2.027035293892009804e+01
2.130638193321184914e+01
2.481151130530486881e+01
2.293955058428289462e+01
2.409959816057679305e+01
2.070675218181964539e+01
2.130502482955980170e+01
2.802236521625150445e+01
2.065826519021753782e+01
2.401956502751332323e+01
2.162964876033057848e+01
1.788417466851508308e+01
2.114759092383133066e+01
2.031031889478457231e+01
2.173539360240708618e+01
1.821930773391022385e+01
2.149391011920964800e+01
2.140868476748662985e+01
1.965056174975436676e+01
2.319156943641508306e+01
2.498434586740627950e+01
1.706390200708382210e+01
1.691917353544668146e+01
1.612533757716049010e+01
1.842455788849225584e+01
1.703844241006464699e+01
1.745051470293116225e+01
1.642435325043642536e+01
1.725544445986420072e+01
1.501404372121476349e+01
1.556755820768288601e+01
1.548691187610470088e+01
1.566981920700224151e+01
1.791537764037315839e+01
1.535459105498298271e+01
1.670017105969608195e+01
1.642811422285285161e+01
1.582590623919868200e+01
1.654086857388493925e+01
1.754663264595692951e+01
1.888309033620157606e+01
1.722203058409100862e+01
1.613531137090045320e+01
1.451589490492088608e+01
1.346185212741950288e+01
1.535860529351866788e+01
1.687291514379174018e+01
1.432420603983261742e+01
1.636896642377766042e+01
1.560778912590227208e+01
1.507145393243585829e+01
1.531997373993215916e+01
1.592832254853160556e+01
1.529400887937699061e+01
1.873718860378315654e+01
2.074624584833284757e+01
1.512727272727272876e+01
1.674050971891553274e+01
1.782840136091970606e+01
1.453168693247871346e+01
1.850750214819221640e+01
1.440734681737061784e+01
1.699234115414873614e+01
1.551911147764351817e+01
1.488816940053073878e+01
1.587089445019880429e+01
1.420208621883656619e+01
1.744780299558854608e+01
1.449945124736009561e+01
1.422044871651427123e+01
1.760759961177390309e+01
1.594225079073564011e+01
1.543117141138093373e+01
1.579376565274988664e+01
1.322944566187809201e+01
1.585526551687045504e+01
1.676213797425918983e+01
1.649280285498271326e+01
1.476850631964572891e+01
1.623244866488110105e+01
1.415758811328902489e+01
1.457781831095040914e+01
1.517371555437380870e+01
1.738683104857494399e+01
1.596257716049382935e+01
1.555199999999999960e+01
1.541910614344929620e+01
1.504767376643274268e+01
1.575894205351049138e+01
1.540088571617423696e+01
1.539717192757571063e+01
1.919126408722090460e+01
1.540777176729322306e+01
1.561597310971446539e+01
1.319506172839506064e+01
1.520710059171597450e+01
1.582250071818442727e+01
1.596217860422405721e+01
1.933061224489796004e+01
1.554489135742187678e+01
1.724080323432122697e+01
1.680459945462519755e+01
1.568599520432493044e+01
1.505302620764825328e+01
1.631964515937851701e+01
1.449289365114638883e+01
1.608291431597642429e+01
1.531402096071814256e+01
1.485946638196043779e+01
1.732455413334987071e+01
1.579462560198146903e+01
1.376592657853281487e+01
1.644691757353142947e+01
1.608816313397418085e+01
1.732383887767031894e+01
1.621194868582490756e+01
1.487644691779924955e+01
1.793484806434551615e+01
1.607922281807382703e+01
1.397752918051882354e+01
1.439376958541548213e+01
1.623802877240503051e+01
1.589868698774704647e+01
1.650295659387896308e+01
1.771566149853152439e+01
1.498569260716347884e+01
1.441173901650799216e+01
1.760966734799308497e+01
1.551339457221448370e+01
1.456781048481406060e+01
1.467708963864622085e+01
1.512873510210852501e+01
1.602540212578822576e+01
1.828124075856395336e+01
1.605103720273734069e+01
1.576633637098080420e+01
1.488597704654953979e+01
1.608098519087455003e+01
1.457725947521866061e+01
1.990207350582073076e+01
1.874736306970739008e+01
1.932137083684193612e+01
2.309433506547381398e+01
2.281156970515878157e+01
2.145720892332788310e+01
2.669977638937274023e+01
1.845507739501154987e+01
1.932942166879035994e+01
2.384828117342295428e+01
2.068816419782160310e+01
2.576297146149302719e+01
2.674201372606889038e+01
2.009075248192942098e+01
2.069160997732426566e+01
2.400810345228875775e+01
2.036581234056123080e+01
2.174496039035318873e+01
2.509244820672755694e+01
2.028768736275976536e+01
2.112984610581204947e+01
2.140030340602077885e+01
2.135510862846546942e+01
2.328149804799189582e+01
2.107712516419590898e+01
2.037088450380515070e+01
2.235668826263135145e+01
2.245473185837004948e+01
1.775124151402874872e+01
2.397710817146156259e+01
1.988585795656817723e+01
1.982901316896569810e+01
2.020824001452253071e+01
1.826814703901065329e+01
2.029995999934081041e+01
1.740450150026802945e+01
1.937045115708609799e+01
2.006741916420119765e+01
1.657583006046608531e+01
2.305664349878497532e+01
2.084345695350544503e+01
1.915205658636262598e+01
1.950351151859660348e+01
2.321055921950532053e+01
1.885645666307650714e+01
1.804802879915053282e+01
1.787027494381594650e+01
1.878907819685193559e+01
1.683766382390112426e+01
2.047315318199330392e+01
2.496487272489625298e+01
1.878277064385221351e+01
1.468617301673445219e+01
1.681402114996280517e+01
1.749650956456152429e+01
1.713614538340187465e+01
2.134994848991928507e+01
1.637351927101817139e+01
1.759133588465646270e+01
1.736099024651736045e+01
1.912286165429144091e+01
2.707178455204887513e+01
1.732174351221970809e+01
2.084768834839934470e+01
2.074606321710568579e+01
1.468979281831321160e+01
1.472906625827665650e+01
2.119092172840422705e+01
2.049383916950483453e+01
2.262373778954034265e+01
1.619924886640782802e+01
2.122623378918104819e+01
1.828503003347279687e+01
1.741486002932568056e+01
1.479332940228720261e+01
1.609940375606636564e+01
1.781235564162323470e+01
1.368081858782293914e+01
1.442330608174486350e+01
1.532544378698224641e+01
1.412880437412299450e+01
1.547819895676938629e+01
1.494312601185237277e+01
1.530867259265382785e+01
1.666643972712789790e+01
1.377310075907470654e+01
1.458532818082306370e+01
1.469036604171739135e+01
1.451374554325389532e+01
1.438772124022157151e+01
1.535536441828881493e+01
1.486817143461504642e+01
1.671074690715689215e+01
1.712299608914553772e+01
1.745541022592152203e+01
1.838170932390322676e+01
1.428908404703149770e+01
1.758019561574501211e+01
1.429815928495366784e+01
1.751715885333133826e+01
1.670825242079006401e+01
1.734944997366228137e+01
1.545662335237126328e+01
1.478673826733929886e+01
1.619200000000000017e+01
1.694165741295781302e+01
1.664410912629612582e+01
1.640515543027784418e+01
1.734990249021148401e+01
1.642608857924210852e+01
1.688500921201814009e+01
1.497335623376051572e+01
1.701348618313221195e+01
1.487209994051160145e+01
1.540156879078162255e+01
1.526773321645116610e+01
1.728395061728394921e+01
1.574892981681638382e+01
1.537686826014844321e+01
1.838821519719362030e+01
1.574388087829863636e+01
1.331629876370710441e+01
1.544753336929029963e+01
1.608542919557287476e+01
1.545805242236487054e+01
1.536671996389793371e+01
1.570455597434371597e+01
1.672800267648042194e+01
1.641795542421191101e+01
1.537884432141368940e+01
1.626907008283244593e+01
1.489102356615938483e+01
2.576926823175727321e+01
2.258219920510657985e+01
2.272709033857907812e+01
2.077968367119625626e+01
3.035535199181150645e+01
2.016427758968925943e+01
2.155071885749370253e+01
1.882975359217410727e+01
1.498333104421330830e+01
1.733821523079832261e+01
1.534360300594066651e+01
1.686652869085301631e+01
1.604636344896085021e+01
1.558124445051567619e+01
1.453127906255812363e+01
1.814012213661779782e+01
1.766117969821673483e+01
1.480453309668900630e+01
1.467064404127341604e+01
1.565509147112468646e+01
1.457251434541022661e+01
1.612845573959431178e+01
1.508985239052176297e+01
1.498434180613630673e+01
1.453833273731738984e+01
1.456276692571588782e+01
1.440000000000000036e+01
1.561432135744860794e+01
2.033202746148015549e+01
1.550094517958412332e+01
1.704539840119103289e+01
1.413533605674141036e+01
1.471494315385118412e+01
1.658142824456401598e+01
1.670004999954728930e+01
1.602558198650903520e+01
1.467178465331325121e+01
1.570429953078617302e+01
1.454873533409364406e+01
1.566864703727840968e+01
1.476554486163381874e+01
1.259900636497833304e+01
1.462075677890854486e+01
1.359166928532827967e+01
1.448679036105306928e+01
1.473481399583766915e+01
1.674958796826684804e+01
1.545123838046133891e+01
1.774032223183390755e+01
1.389049472642952132e+01
1.453418600557899509e+01
1.438424341756472202e+01
1.840334114536386068e+01
1.733746732008934188e+01
1.557631035710879353e+01
1.481100069681285625e+01
1.529619242471643403e+01
1.654627453434826734e+01
1.690819979755449864e+01
1.573720789815136456e+01
1.737050057087915533e+01
1.502316298583998311e+01
1.587301587301587169e+01
1.786137723536675992e+01
1.395574917395444992e+01
1.731187438970779624e+01
1.614506013631274328e+01
1.649346961687357549e+01
1.582641386156881325e+01
1.550039058931253244e+01
1.562980917205293885e+01
1.533552597275796714e+01
1.529161204777823890e+01
1.640936777987817408e+01
1.669158156409567439e+01
1.552341295931039689e+01
1.816762441244251036e+01
1.685677361353036829e+01
1.605442176870748128e+01
1.432088997170729172e+01
1.535486182452317649e+01
1.481572678965110690e+01
1.667214110105806313e+01
1.465606946632078333e+01
1.529508740269912259e+01
1.539221475861888599e+01
1.599608566374346097e+01
1.373624718497302943e+01
1.698737873903048978e+01
1.662212991223514891e+01
1.653152444913636288e+01
2.163858921408706593e+01
1.930212904958048625e+01
1.679656006449879158e+01
2.062365235841582489e+01
1.668077522833593207e+01
2.371326439524856866e+01
2.047460125714051671e+01
2.103997799103107269e+01
2.295507797275423911e+01
2.248655150522904123e+01
2.128049713932922415e+01
2.020151006287720463e+01
2.106449204010018406e+01
1.946312784095756143e+01
1.493922595738188619e+01
1.557631705548862300e+01
1.492393262604020698e+01
2.045687447174450213e+01
2.655037995652156724e+01
1.832084346376244355e+01
1.740310251127235830e+01
1.795608817428999160e+01
1.765891274214026652e+01
1.895710814890808393e+01
1.743479953499981860e+01
1.859827253334978892e+01
2.238349850179546507e+01
2.033474539261071001e+01
1.719549425141400079e+01
1.943283703192827261e+01
1.801361462108878086e+01
1.978741884157247810e+01
1.488945546167463441e+01
1.628791741098917711e+01
1.531034698245559511e+01
1.523437601292393673e+01
1.600423211591386519e+01
1.868166283138846140e+01
1.746232659883546035e+01
1.784737184090831263e+01
1.980437145272309962e+01
1.534331951302229058e+01
1.612604153515970040e+01
1.629629629629629406e+01
2.167064500895936163e+01
1.488094521452399910e+01
1.508287870451783164e+01
1.728662646832261984e+01
2.058465054186885723e+01
1.894219597001686139e+01
1.895934158174920725e+01
1.507408204728645629e+01
1.479939877442478924e+01
1.513745994265474692e+01
1.515148814351489115e+01
1.623988545666110994e+01
1.630492408707429419e+01
1.756377781084863088e+01
1.471068495891305972e+01
1.491570525726090146e+01
1.640634360465749708e+01
1.468332388994071813e+01
1.535189811049381348e+01
1.759895582289404459e+01
1.644212372448979309e+01
1.841715035419787228e+01
1.822480646577179542e+01
1.746832716469349123e+01
1.758015876235682384e+01
1.891279552455365831e+01
1.858986646893648853e+01
2.199217458305843920e+01
1.807868861276694261e+01
1.913748444034767004e+01
1.537782272672382611e+01
1.684131133379962009e+01
1.663762457200153833e+01
1.610111500221389846e+01
1.898604999976268104e+01
2.093063441726437190e+01
2.377694315854854068e+01
1.770192877875222237e+01
1.665292425349891303e+01
1.442307692307692157e+01
1.939856937893653210e+01
1.626825310978907879e+01
1.799353079645717912e+01
1.659408899997423248e+01
1.630281742326560135e+01
1.534357043954214994e+01
1.454873533409364406e+01
1.564317714908047385e+01
1.687634383589261233e+01
1.452712591036655532e+01
1.524567041666510825e+01
1.532200055783091841e+01
1.456184047369756485e+01
1.491040338605321125e+01
1.488704775214184117e+01
1.581276251656521836e+01
1.509650748419558930e+01
1.353586860152239524e+01
1.659858547664254758e+01
1.507904250376402011e+01
1.546008621971160935e+01
1.605185376492194393e+01
1.563307203342242957e+01
1.659662236897129972e+01
1.684711481261154020e+01
1.488597704654953979e+01
1.706355003652300795e+01
1.584671017184989950e+01
1.706322121871081166e+01
1.627524573328768653e+01
1.451389057781759817e+01
1.555516274841544444e+01
1.469555574620059879e+01
1.491145025991004225e+01
1.576633637098080420e+01
1.523460028845292769e+01
1.690440597372104747e+01
1.822079594364979016e+01
1.569030818380324455e+01
1.692418728414836693e+01
1.430458891212300720e+01
1.495879779308597435e+01
1.829175919986849053e+01
1.533686259508631267e+01
1.834710743801652555e+01
1.411205629069523049e+01
1.570047124058632093e+01
1.343724805159903468e+01
1.552516052430127047e+01
1.605076773356401176e+01
1.626867360796740769e+01
1.615691596788004958e+01
1.445976804278589078e+01
1.673814745094995260e+01
1.473461961770849626e+01
1.543483491850406786e+01
1.672612257504409783e+01
1.468448009457927483e+01
1.649856567382812500e+01
1.521092482422931269e+01
1.432088997170729172e+01
1.574037850261626126e+01
2.072694127782841278e+01
1.976819925352302221e+01
2.095424664610226984e+01
1.524483200195133925e+01
1.490752551020407957e+01
2.009287251506829719e+01
2.207975998259917816e+01
1.726132629922717499e+01
1.847282765467559074e+01
1.843621399176954512e+01
1.560204737731743130e+01
1.662049861495844638e+01
1.617713548558368331e+01
1.835188534161510177e+01
1.709927841045107755e+01
1.708490373788875516e+01
1.822971943712619591e+01
1.591544442684903693e+01
1.553257098384939994e+01
1.576975829408415386e+01
1.477499118266655032e+01
1.707647077537470182e+01
1.514930005996156304e+01
1.711355334412601792e+01
1.842534489942483233e+01
1.555263166080332127e+01
1.954161095694438899e+01
1.479802151419545808e+01
1.488083020664855205e+01
2.076821801097949560e+01
1.746593954386162295e+01
1.702277310327024296e+01
1.953747308345441880e+01
1.700247220780727631e+01
1.522628091088162705e+01
1.610177376875873279e+01
1.482490323085144190e+01
1.499222278443057732e+01
1.415289481133102178e+01
1.738286924314014925e+01
1.566349124980420626e+01
1.757167393314836801e+01
1.568181513236458002e+01
1.429713532092691608e+01
1.824242151254448174e+01
1.910534995651622481e+01
1.796941692894385767e+01
1.375324037068136818e+01
2.894056030505721822e+01
2.105474451758452759e+01
1.777462650152983059e+01
1.664507900423602393e+01
1.894217044095520919e+01
1.933247908084725708e+01
2.162868340833212599e+01
1.790095042583098461e+01
1.738094869996594483e+01
1.770995767431498891e+01
1.843912591050988325e+01
1.634204741870946975e+01
1.735891932836763019e+01
1.534308666856761150e+01
1.422440196156506431e+01
1.850483016962079219e+01
1.575461303681564296e+01
1.572446047483956022e+01
1.507609315380904391e+01
1.834266699131563882e+01
1.626301931856761840e+01
1.546178529403496427e+01
1.654303565618270966e+01
1.604846423636943342e+01
1.718042366691015133e+01
1.600833310490392236e+01
1.660024910313924096e+01
1.500472589792060418e+01
1.481820183237650213e+01
1.982585596631176017e+01
1.989375848800361979e+01
1.585387701941424687e+01
1.597238693746251315e+01
1.580971427893869574e+01
1.679128274098315998e+01
1.636653770441123967e+01
2.101158221333984244e+01
2.071978739696410088e+01
1.968152324592137603e+01
1.827990892930026945e+01
1.753503526152004000e+01
2.310235318617242228e+01
2.383200930929926997e+01
1.826708470613243307e+01
1.906607915549158250e+01
1.995397058649454536e+01
1.765984922903720999e+01
1.642920382252808764e+01
1.738683104857494399e+01
1.842110480369545300e+01
1.685392600892399884e+01
1.894631117604090775e+01
1.567689571748750232e+01
1.926915846329765714e+01
1.961183493386084464e+01
2.134724377743020085e+01
1.927283158234429550e+01
2.289716945487922217e+01
1.612056290695232263e+01
1.829163037764124766e+01
2.037102962699260189e+01
2.436559083338739740e+01
1.757524176205377486e+01
1.638311279143037424e+01
1.992993367238947400e+01
1.837685280480429384e+01
1.751133733412930127e+01
2.230357980716490118e+01
1.517560958927533044e+01
2.521042168252719406e+01
1.765229325002844973e+01
1.546598399270656898e+01
1.608429278681864716e+01
1.682347073038587126e+01
1.745920475628267710e+01
1.647850189291509082e+01
2.131388414448296942e+01
1.969758249137693795e+01
2.439001580487987653e+01
1.968375749610764558e+01
2.087372753896313071e+01
1.861499265777989720e+01
2.082465639316951211e+01
1.673231173527750926e+01
1.628102221280668971e+01
2.213359999051416693e+01
1.677155371587172539e+01
2.232516325587783612e+01
1.979591836734693899e+01
1.816995190855702091e+01
1.779497895500560034e+01
1.420761428898106971e+01
1.536103458522972076e+01
1.642344048981268756e+01
1.752220913132841673e+01
1.790772802168813271e+01
2.004717337011090805e+01
2.183596820683028383e+01
1.850797489816692476e+01
1.564076583930350495e+01
2.272524512860846713e+01
1.442139034276626752e+01
1.508608303708508380e+01
1.523181035011404205e+01
2.074845329711785169e+01
2.116061133511064085e+01
1.363336160755339321e+01
2.261216220631964191e+01
1.711998456790123413e+01
2.491834319526627084e+01
2.006392901674692197e+01
1.740206672325593118e+01
1.767670945308699970e+01
2.138165537078095468e+01
1.845696761736240177e+01
1.760402377686327924e+01
1.476850631964572891e+01
1.764782937763201787e+01
2.072219250434924831e+01
1.766251035249273116e+01
1.648858989579211354e+01
2.301516609776364675e+01
1.709643434764598879e+01
1.963281861832630071e+01
2.134866952041738841e+01
1.854651325550797125e+01
1.968548712275514490e+01
2.452797173759628535e+01
3.022319244231999846e+01
1.954047381352335222e+01
1.786572664637077068e+01
1.931034482758620641e+01
1.648539814125954805e+01
3.117202124061527968e+01
2.139080275596858982e+01
2.006749575629328675e+01
2.380787085946790782e+01
1.775564589070616250e+01
2.132656041751698339e+01
1.930066741809247688e+01
1.741496598639455939e+01
1.537055554896817178e+01
1.653423305121299691e+01
1.803739697710005530e+01
1.816482842610994197e+01
1.594636559408258236e+01
2.069079298531652356e+01
1.710453600077214631e+01
1.889443913038343581e+01
1.884515943694340478e+01
1.699783386578685196e+01
1.767235968221136844e+01
2.026641846559113702e+01
1.802244993935793360e+01
1.660742380980129340e+01
1.430343582200846519e+01
1.568255315960993279e+01
1.500649234857256253e+01
1.701622477245745912e+01
2.065139874416914978e+01
1.460405702088311131e+01
1.533564814814814881e+01
1.561599999999999966e+01
1.623671420178390079e+01
1.861982437039180738e+01
1.463754330475851084e+01
1.914086721224854415e+01
1.522893881273452621e+01
1.563233687508996361e+01
2.118998057657632827e+01
2.134986225895316636e+01
1.408688965782391378e+01
1.511715797430083086e+01
1.464787238146676351e+01
1.920335961515458578e+01
2.039982915143085762e+01
1.514294083020284454e+01
2.058469658092097987e+01
1.590277777777777679e+01
2.113963676635074762e+01
1.616489393666245888e+01
1.446140076254575213e+01
1.612661391087046781e+01
1.564911054822837500e+01
1.593527061930586264e+01
1.938463546169010243e+01
2.033129585945340168e+01
1.957368664608347331e+01
1.674097903452995340e+01
1.666849107862552160e+01
2.137257775806005000e+01
1.724335753741251054e+01
1.756670180007026261e+01
1.759994184367042891e+01
1.541996767198386209e+01
1.633765999639444644e+01
1.557307726402595094e+01
1.526239943470096350e+01
2.971578688885501762e+01
2.075013829574354318e+01
2.273957261659807827e+01
1.926885148398492831e+01
2.323032570107931249e+01
1.935242470914802126e+01
2.361348908923770651e+01
1.682107551368976317e+01
2.285024345382839783e+01
1.862993760481437988e+01
2.034892793608189621e+01
2.395555555555555571e+01
1.685472062468916477e+01
1.978343571529384448e+01
1.440329218106995768e+01
1.650426421558695012e+01
1.584588469504715391e+01
1.604470885163151195e+01
1.596048309565774659e+01
2.409397644379116699e+01
1.813590449954086381e+01
1.336600579193584082e+01
1.598068007334416940e+01
1.760689819737795858e+01
1.474457528465619660e+01
1.668025349132869195e+01
1.492965997343942419e+01
1.539375147548804179e+01
1.560061451795624876e+01
1.586357326987904059e+01
1.567505819096944997e+01
1.860041623309053094e+01
1.560753732570421981e+01
1.858477927000620866e+01
1.423759827811724676e+01
1.617823325552858194e+01
1.682886992635866719e+01
1.619433198380566452e+01
1.546926103808786834e+01
1.538880097864982588e+01
1.456804205514779049e+01
1.555555555555555536e+01
1.773048754822516671e+01
1.576015831976762982e+01
1.607296321652139781e+01
1.829984673878356105e+01
2.031600114909508648e+01
1.913051581605314766e+01
1.731849304430597769e+01
2.022770379720552469e+01
1.492004922362458430e+01
2.101593556157364517e+01
1.978474200696422614e+01
1.810729246430341277e+01
1.628854956730929615e+01
1.429690281238875116e+01
1.690974223774150431e+01
1.468928817044915824e+01
2.359406251912637131e+01
1.673054988710515900e+01
1.912035443674167112e+01
1.592370301973256552e+01
1.812697306357333460e+01
1.684009661573319150e+01
1.914302717714739188e+01
1.587276789201518667e+01
1.648712486617145601e+01
2.092800000000000082e+01
1.682412930083629021e+01
1.620754600986983363e+01
1.605446324239191114e+01
1.568034238488783849e+01
1.638917793964619918e+01
2.143089411918228748e+01
1.569571576577688177e+01
1.758710410524649248e+01
1.643232738911751412e+01
2.688775510204082053e+01
1.447201974471706087e+01
1.370926085051275045e+01
1.558371972116415094e+01
1.534275887418609408e+01
1.483482521004555998e+01
1.525494457042075958e+01
1.490982479494118706e+01
1.370978424690209430e+01
1.545454545454545148e+01
1.565439398011287331e+01
1.576912795220602170e+01
1.348752111090260897e+01
1.494262392476118961e+01
1.637010016648083166e+01
1.618994394485935118e+01
1.531028303072693042e+01
1.679011583250025907e+01
1.674500203935689768e+01
1.605754136893308726e+01
1.713640880736581451e+01
2.232135713851402414e+01
1.371192571042940322e+01
1.583332318376718817e+01
1.454091152226280315e+01
1.987073498815494332e+01
1.471068495891305972e+01
1.944770568386138265e+01
1.621919768637915382e+01
1.819329660238750890e+01
2.012639375276738107e+01
1.580930411380238532e+01
1.439113409392694187e+01
1.833752476756592031e+01
1.471271878176450798e+01
1.469823100936524440e+01
1.603668549875528981e+01
1.774984487121879084e+01
1.808903817085694143e+01
2.742449348818963628e+01
1.670178646326486316e+01
2.297056459597665423e+01
1.611731640058375703e+01
1.485946638196043779e+01
1.367419738406658780e+01
1.463993676421343437e+01
1.480410810353540896e+01
1.613866728330828693e+01
1.696690387760377661e+01
1.511714498974009935e+01
1.408648032918201309e+01
2.030964395631864505e+01
1.937558257663828698e+01
2.116982268916457954e+01
1.467064404127340715e+01
1.446507458022276182e+01
1.887798964538979263e+01
1.346213872469992445e+01
1.310875433068885165e+01
1.776013840582308845e+01
1.405981933405693241e+01
1.588795790396081564e+01
1.570048309178744184e+01
1.494684626825311291e+01
1.734638305003089798e+01
1.351305438270823345e+01
1.498781425536629186e+01
1.784426325654060719e+01
1.588047441285753081e+01
1.730333937541145062e+01
1.390261902262939842e+01
1.527239763974595732e+01
1.487043815704022798e+01
1.813345314844598732e+01
1.994341236089828584e+01
1.593847747693901695e+01
1.382614847286349402e+01
1.577321192147732098e+01
2.074509769391294967e+01
1.743676267403550284e+01
1.732133503143780473e+01
1.821726374971724738e+01
1.745633189474455449e+01
2.056880661366243146e+01
2.098782976933910405e+01
2.280150178565978081e+01
1.969194717315709298e+01
2.368365460440424286e+01
2.578303673000240082e+01
2.235371466140696484e+01
2.247034085706970075e+01
1.973681118920552535e+01
2.098179543130942193e+01
1.728980639803253894e+01
1.750700280112044638e+01
2.002491990032040192e+01
1.622427529993623807e+01
1.936438822583883734e+01
1.642117456913381446e+01
2.132348414896891242e+01
2.046035098487904591e+01
2.072211671219387696e+01
3.114682249817384374e+01
2.541840878508266499e+01
2.405131929347326292e+01
2.699485225901264940e+01
2.213731668668702923e+01
1.874386013063801215e+01
1.451688127970941800e+01
1.463537773517038154e+01
1.529962413598539861e+01
1.464523188283814115e+01
1.402688656173392623e+01
1.348009097417493862e+01
1.619473018392465846e+01
1.596371882086167915e+01
1.443200464099144398e+01
1.372330111586583179e+01
1.487168696147986680e+01
1.556345426289878908e+01
1.663438566574148680e+01
1.733053252380723208e+01
1.859012492563950403e+01
1.484799999999999898e+01
1.633183083819251280e+01
1.512566955310374439e+01
1.933532669773077473e+01
1.591336917075821411e+01
1.446064139941690563e+01
1.610872831852242371e+01
1.460294281043158371e+01
1.544626965502386540e+01
1.550362515200293601e+01
1.547873471703471360e+01
1.773064568166196864e+01
1.503318390512828628e+01
1.661959802408749809e+01
1.471919178804967565e+01
1.531718569780853478e+01
1.559795515839471669e+01
1.482032222195543802e+01
1.771473606224249409e+01
1.622770897866994844e+01
1.675068262969964650e+01
1.475829806192915683e+01
1.802595737862522185e+01
1.911091256996385468e+01
1.783158704701254393e+01
1.578530980386284632e+01
2.101707637455432831e+01
2.084668289973941668e+01
1.416429883455948158e+01
2.328408868597325920e+01
1.765011890606421119e+01
1.677064974649546869e+01
1.824033402803289050e+01
1.582018408941485710e+01
2.101824844020691785e+01
1.418976444991012720e+01
1.511346726190476097e+01
2.021410891254787856e+01
2.020354774298366962e+01
1.733746595096939558e+01
1.804933089256406831e+01
1.597809619997474861e+01
1.970192739469124987e+01
2.166810368326510883e+01
1.936071685953009691e+01
2.226298554012383946e+01
2.136975358412137282e+01
2.233532016158588718e+01
2.026330528710455781e+01
1.982623984139008044e+01
1.876524676299493066e+01
1.617187499999999645e+01
2.041741907087354591e+01
1.603129432565754442e+01
2.215102250702108222e+01
2.164380065139438614e+01
1.716613769531250000e+01
2.383398180526141630e+01
2.262607946100373368e+01
1.944027898589327918e+01
2.073513967653854095e+01
2.464653570323372378e+01
2.105595620361109965e+01
1.927179635341578390e+01
1.848866245983752776e+01
2.264799758673002827e+01
2.107233425914744274e+01
2.311728395061728492e+01
2.269568103623733180e+01
1.488816940053073878e+01
2.273238583765656884e+01
1.577839087684349373e+01
1.561393109630036768e+01
2.026316789301047194e+01
2.129852842103554522e+01
1.689178399240863371e+01
1.287167753747855770e+01
2.189327674551006808e+01
1.928454633029779330e+01
1.600645197755677529e+01
1.475642126560313372e+01
2.202800927583821888e+01
2.463649369881104434e+01
1.800496376366275086e+01
1.646737709676024508e+01
1.766650118298469607e+01
2.040383764878698258e+01
2.054941884157673115e+01
1.989262093326864544e+01
2.144394298098648477e+01
2.250452422559560617e+01
2.468705893436018783e+01
2.029566309199266883e+01
1.894703532296981763e+01
1.806127114769089559e+01
2.014146655709278022e+01
2.030041641879833847e+01
2.274148387580663311e+01
1.873048907388137252e+01
2.669735361131247231e+01
2.700945423080516150e+01
1.635618513887240510e+01
2.586221698221194742e+01
2.069815735363000186e+01
1.695595192158955555e+01
1.885217880914556687e+01
1.985264069988113533e+01
2.305748657078772368e+01
2.719168866421751574e+01
2.362668100348006917e+01
2.178543437997844023e+01
1.929456458278962572e+01
2.229414656180253829e+01
1.986572747190350441e+01
1.941136876451453475e+01
2.491493241824581872e+01
2.077278922170038911e+01
2.188512813658993039e+01
1.907410109828753164e+01
2.010513359008685796e+01
2.494124839528006987e+01
1.942476068694833558e+01
1.645293462931416073e+01
2.191168597388288219e+01
2.417709510081566293e+01
2.447743425758546820e+01
1.936370548905950528e+01
1.669237292096495295e+01
1.957286924852143173e+01
2.104377104377104146e+01
2.223360281213623324e+01
2.079811971998906728e+01
1.857052958390699970e+01
1.685547363273138544e+01
2.021426383259496262e+01
1.788982728763185293e+01
2.854828498279791660e+01
2.345476005528261609e+01
2.100207835596216555e+01
2.245401864449483753e+01
1.989619377162629377e+01
1.609515654644492599e+01
1.539979611091861855e+01
1.801720643214269657e+01
1.534859521331945942e+01
1.962809917355371780e+01
1.680411838639141564e+01
1.498921671275291878e+01
1.553006435740766733e+01
1.738141331158302094e+01
1.552094367337534209e+01
1.652669843465365673e+01
2.287197231833910038e+01
2.070353894308433240e+01
1.587082975826361064e+01
1.758200486404783902e+01
2.267232530118974765e+01
1.588428665351742275e+01
1.454420446507076647e+01
1.469557646159400299e+01
1.793134151167391721e+01
1.344735872317842151e+01
1.571268237934904732e+01
1.585928489042675871e+01
1.594328715608786773e+01
1.494904865915338554e+01
1.483106549648917394e+01
1.595803301814014397e+01
1.524676299493338583e+01
1.617037824796431877e+01
1.814872485481020448e+01
1.663833859294810580e+01
1.455491082691300342e+01
1.472607742878012971e+01
1.627136598678540480e+01
1.587410099867792823e+01
1.695340368608799153e+01
1.705994897959183376e+01
1.543188863622953733e+01
1.542415479416796842e+01
1.594723129649034021e+01
1.605843905139042249e+01
1.440038839904710599e+01
1.589319771137953019e+01
1.753107936983428772e+01
1.607874462109304403e+01
1.675149012118941982e+01
1.560120604105830822e+01
1.603332912511046615e+01
1.397501965237138499e+01
1.528968399041960069e+01
1.940974951718247965e+01
1.646746144507718768e+01
1.498781425536629186e+01
1.650295360554273216e+01
1.576953799376433452e+01
1.438484928150157849e+01
1.590188714305623563e+01
1.707533638412676780e+01
1.480690092702589489e+01
2.074823184580318269e+01
1.331258699775602850e+01
1.360544217687074742e+01
1.602556816890267299e+01
1.525446628980871111e+01
1.682462525022611288e+01
1.503469940282629302e+01
1.574643205532666279e+01
1.493386205559844804e+01
1.557564853549080119e+01
1.420027398175682443e+01
1.617592132322671006e+01
1.546397768518842497e+01
1.509928940706108946e+01
1.437774286806056878e+01
1.471180434374077173e+01
1.529888025499907656e+01
2.060376667378895732e+01
1.946795271450595877e+01
2.128881808784025509e+01
2.001178185613458993e+01
2.246838987122193387e+01
1.978409609803111380e+01
1.897468500165944505e+01
2.188744317754001401e+01
1.996579417013682800e+01
2.666224379882178752e+01
2.614356601680411885e+01
1.976417185931994069e+01
2.229487914936896686e+01
2.150646022305961935e+01
1.930252784557977819e+01
2.158947841462828166e+01
2.108522513412670207e+01
1.547238723680597694e+01
1.742487199420958177e+01
1.510920876453391948e+01
1.473360174681582002e+01
1.561126645586036332e+01
1.650138927864226090e+01
1.719279008925823504e+01
1.666897195002145793e+01
1.568727328429676326e+01
1.553765779862464136e+01
1.659712599534508470e+01
1.590000000000000036e+01
1.658341510611801439e+01
1.513462090863322373e+01
1.624214344318590975e+01
1.433667649289493973e+01
1.656619440795646625e+01
1.709914113307875638e+01
1.547583617591172533e+01
1.596625392072084715e+01
1.506010350398408093e+01
1.869285167334804854e+01
1.500847646219897058e+01
1.459113915852304899e+01
1.633826749011534929e+01
1.393277793737431836e+01
1.909286300987685792e+01
1.746264621054318056e+01
2.091137864966112758e+01
1.436368859523125607e+01
1.413602827205654400e+01
1.726688450149562826e+01
2.025825718148745125e+01
1.390542277572588326e+01
1.532839506172839350e+01
1.831792706654092839e+01
1.616448168336912516e+01
1.563945835342569168e+01
2.155286903596445214e+01
2.039259994047324653e+01
2.089405704877180625e+01
2.621219910835552369e+01
2.541332423389091844e+01
2.020831908084620210e+01
1.740287522272333831e+01
1.984469656711659624e+01
2.472527472527472625e+01
2.027215865030723307e+01
1.904186954485699701e+01
2.423576833912323281e+01
2.362571359298199170e+01
1.599562422143249840e+01
2.327852075660848996e+01
2.146805278606813872e+01
1.763136636997916185e+01
1.755795308199288485e+01
1.904174210607198603e+01
2.093932780843842423e+01
1.922136828296329014e+01
1.764777475759665748e+01
2.535600911542557157e+01
1.679392644338148344e+01
1.851613702179545839e+01
1.534269205383644419e+01
1.729939980187634418e+01
1.596804793607990902e+01
1.414336994673328007e+01
1.574643205532666279e+01
1.463806040278159060e+01
1.495680965103509230e+01
1.574703955656336518e+01
1.633585218156409624e+01
1.638268610521381063e+01
1.426914264632709894e+01
1.457073270521574315e+01
1.589839987281280109e+01
1.970255800118976808e+01
1.606086221470836861e+01
1.496319988029440040e+01
1.787481247406556051e+01
1.675717789863062279e+01
1.727578979910075319e+01
1.311554922599699680e+01
1.549177077136624625e+01
1.736525213048690119e+01
1.630491495356360332e+01
1.359917270068808115e+01
1.691657054978854546e+01
1.442636427953155831e+01
1.601800118228103997e+01
1.451367249898006229e+01
1.553779483532772687e+01
1.484830458060678282e+01
1.371003354792187068e+01
1.688174661147633770e+01
1.653735670756261911e+01
1.582250071818442727e+01
1.469263108756157443e+01
1.633727145637455180e+01
1.473461961770849626e+01
1.515436104091250513e+01
1.495194019223922943e+01
1.516946647940221737e+01
1.558647660611556240e+01
1.738697020452872621e+01
1.329500854836086532e+01
1.628808864265927880e+01
1.420339258177095765e+01
1.466918714555765746e+01
1.782479670096736157e+01
1.520940541881083519e+01
1.530628061256122407e+01
1.433691756272401285e+01
1.508916323731138576e+01
1.689182918091334429e+01
1.729579598535538310e+01
1.543818550523703337e+01
1.679525030321425305e+01
1.494315010394279142e+01
1.656719734607387196e+01
1.585630321892623407e+01
1.622170904974386829e+01
1.699544284985909570e+01
1.487644691779924955e+01
1.564938865764828435e+01
1.563260477874223220e+01
1.375496483949863524e+01
1.739287278724007635e+01
1.714259857429271250e+01
1.724394232198602595e+01
1.808743860077318644e+01
1.771190523422222896e+01
1.733969748634178387e+01
1.677002358284566341e+01
1.554725017783796126e+01
1.580408163265306065e+01
1.494904865915338554e+01
1.671087374849623686e+01
1.709556240372558023e+01
1.846876308694199409e+01
1.562679488227642111e+01
1.906598962120543916e+01
1.541495404692091853e+01
1.296039145672155080e+01
1.576801984946102309e+01
1.561849229487713764e+01
1.904539536025196966e+01
1.733348721666124348e+01
1.650702236243001764e+01
2.478912533329458512e+01
2.395061728395061351e+01
2.094177809490010844e+01
2.836713555414480936e+01
1.526646517023938365e+01
2.253061224489795933e+01
2.379532630135545190e+01
1.878092548153496821e+01
1.569764375914418331e+01
1.912301540413305645e+01
1.466924218246969680e+01
1.647780730141334260e+01
1.490735081468672085e+01
1.432864295727158321e+01
1.513995299288788488e+01
1.814507977425153484e+01
1.647780730141334260e+01
