strain: mutant 3, 3 replicates with AgNPs, 3 replicates without AgNPs, structure: time, average and standard deviation with AgNPs, average and standard deviation without AgNPs.
0.000000000000000000e+00 0.000000000000000000e+00 0.000000000000000000e+00 0.000000000000000000e+00 0.000000000000000000e+00
2.500000000000000000e-01 0.000000000000000000e+00 8.164965809277259512e-04 1.666666666666666611e-04 1.247219128924646932e-04
5.000000000000000000e-01 3.333333333333333222e-04 4.714045207910316933e-04 1.000000000000000048e-04 8.164965809277260867e-05
7.500000000000000000e-01 3.333333333333333222e-04 4.714045207910316933e-04 1.333333333333333397e-04 9.428090415820633867e-05
1.000000000000000000e+00 0.000000000000000000e+00 0.000000000000000000e+00 1.333333333333333126e-04 1.247219128924646932e-04
1.250000000000000000e+00 1.000000000000000021e-03 8.164965809277259512e-04 1.333333333333333126e-04 1.247219128924646932e-04
1.500000000000000000e+00 6.666666666666666444e-04 4.714045207910316933e-04 1.333333333333333126e-04 1.247219128924646932e-04
1.750000000000000000e+00 3.333333333333333222e-04 1.247219128924647149e-03 2.333333333333333310e-04 1.699673171197594961e-04
2.000000000000000000e+00 1.000000000000000021e-03 8.164965809277259512e-04 2.333333333333333310e-04 1.699673171197594961e-04
2.250000000000000000e+00 1.333333333333333289e-03 4.714045207910316933e-04 2.999999999999999737e-04 2.449489742783177854e-04
2.500000000000000000e+00 2.000000000000000042e-03 8.164965809277259512e-04 5.999999999999999474e-04 3.265986323710904347e-04
2.750000000000000000e+00 6.666666666666666444e-04 4.714045207910316933e-04 2.999999999999999737e-04 2.449489742783177854e-04
3.000000000000000000e+00 2.000000000000000042e-03 8.164965809277259512e-04 6.666666666666666444e-04 2.867441755680875926e-04
3.250000000000000000e+00 1.000000000000000021e-03 8.164965809277259512e-04 3.666666666666666707e-04 2.867441755680875384e-04
3.500000000000000000e+00 6.666666666666666444e-04 4.714045207910316933e-04 7.666666666666666899e-04 2.054804667656325652e-04
3.750000000000000000e+00 2.666666666666666578e-03 9.428090415820633867e-04 8.000000000000000383e-04 1.632993161855452444e-04
4.000000000000000000e+00 2.333333333333333526e-03 4.714045207910316933e-04 8.000000000000000383e-04 2.160246899469286540e-04
4.250000000000000000e+00 2.000000000000000042e-03 0.000000000000000000e+00 8.333333333333333868e-04 1.699673171197595232e-04
4.500000000000000000e+00 3.333333333333333547e-03 9.428090415820633867e-04 8.666666666666666269e-04 1.885618083164127044e-04
4.750000000000000000e+00 3.333333333333333547e-03 4.714045207910316933e-04 8.666666666666666269e-04 1.885618083164127044e-04
5.000000000000000000e+00 2.666666666666666578e-03 1.247219128924647149e-03 9.000000000000000838e-04 1.414213562373095080e-04
5.250000000000000000e+00 4.000000000000000083e-03 8.164965809277259512e-04 9.333333333333333239e-04 1.699673171197595232e-04
5.500000000000000000e+00 4.666666666666667053e-03 1.247219128924647149e-03 9.666666666666665639e-04 2.054804667656325381e-04
5.750000000000000000e+00 5.666666666666667074e-03 1.247219128924647149e-03 9.666666666666665639e-04 2.054804667656325381e-04
6.000000000000000000e+00 6.000000000000000992e-03 2.160246899469287028e-03 1.033333333333333369e-03 1.247219128924646661e-04
6.250000000000000000e+00 6.666666666666667095e-03 2.624669291337270328e-03 1.066666666666666501e-03 1.699673171197594690e-04
6.500000000000000000e+00 8.666666666666668004e-03 2.624669291337270328e-03 1.100000000000000066e-03 1.414213562373094809e-04
6.750000000000000000e+00 8.999999999999999320e-03 3.559026084010436918e-03 1.133333333333333415e-03 2.624669291337270328e-04
7.000000000000000000e+00 1.233333333333333330e-02 4.496912521077347548e-03 1.166666666666666763e-03 3.091206165165235101e-04
7.250000000000000000e+00 1.366666666666666724e-02 4.027681991198191203e-03 1.199999999999999895e-03 2.160246899469286540e-04
7.500000000000000000e+00 1.566666666666666555e-02 4.784233364802441442e-03 1.233333333333333460e-03 2.054804667656325652e-04
7.750000000000000000e+00 1.733333333333333601e-02 5.906681715556450461e-03 1.266666666666666592e-03 2.494438257849294406e-04
8.000000000000000000e+00 1.933333333333333431e-02 5.249338582674540656e-03 1.299999999999999940e-03 2.943920288775948510e-04
8.250000000000000000e+00 2.000000000000000042e-02 6.480740698407859782e-03 1.399999999999999986e-03 3.265986323710903805e-04
8.500000000000000000e+00 2.333333333333333440e-02 6.649979114420001558e-03 1.433333333333333334e-03 3.681787005729086969e-04
8.750000000000000000e+00 2.499999999999999792e-02 6.480740698407859782e-03 1.533333333333333380e-03 4.109609335312651305e-04
9.000000000000000000e+00 2.766666666666666927e-02 6.847546194724714146e-03 1.533333333333333380e-03 4.109609335312651305e-04
9.250000000000000000e+00 2.866666666666666322e-02 7.717224601860150218e-03 1.533333333333333380e-03 4.109609335312651305e-04
9.500000000000000000e+00 3.066666666666666499e-02 7.717224601860150218e-03 1.533333333333333380e-03 4.109609335312651305e-04
9.750000000000000000e+00 3.366666666666667113e-02 6.944222218666553509e-03 1.600000000000000077e-03 4.898979485566356791e-04
1.000000000000000000e+01 3.600000000000000422e-02 7.874007874011809682e-03 1.599999999999999860e-03 4.546060565661951187e-04
1.025000000000000000e+01 3.933333333333333126e-02 8.730533902472529389e-03 1.600000000000000077e-03 4.898979485566356791e-04
1.050000000000000000e+01 4.200000000000000261e-02 7.788880963698616329e-03 1.633333333333333208e-03 5.312459150169741504e-04
1.075000000000000000e+01 4.533333333333332965e-02 8.730533902472527655e-03 1.733333333333333254e-03 5.734883511361750768e-04
1.100000000000000000e+01 4.933333333333333320e-02 9.463379711052261403e-03 1.766666666666666602e-03 5.792715732327588041e-04
1.125000000000000000e+01 5.299999999999999850e-02 9.933109617167559108e-03 1.733333333333333254e-03 5.734883511361750768e-04
1.150000000000000000e+01 5.766666666666667163e-02 1.126449683247720060e-02 1.733333333333333254e-03 5.734883511361750768e-04
1.175000000000000000e+01 6.133333333333332998e-02 1.161416759345623023e-02 1.800000000000000168e-03 6.164414002968976415e-04
1.200000000000000000e+01 6.566666666666666485e-02 1.329995822884000138e-02 1.866666666666666648e-03 6.599663291074443165e-04
1.225000000000000000e+01 6.933333333333334403e-02 1.236482466066094084e-02 1.866666666666666648e-03 6.599663291074443165e-04
1.250000000000000000e+01 7.433333333333333459e-02 1.327487183449324940e-02 1.799999999999999734e-03 6.531972647421807610e-04
1.275000000000000000e+01 7.866666666666667640e-02 1.359738536958076012e-02 1.866666666666666648e-03 6.944222218666552425e-04
1.300000000000000000e+01 8.466666666666666785e-02 1.517307556898805747e-02 1.966666666666666476e-03 7.408703590297622188e-04
1.325000000000000000e+01 9.433333333333332460e-02 1.808006882976081683e-02 1.899999999999999996e-03 6.976149845485450597e-04
1.350000000000000000e+01 1.016666666666666691e-01 2.101322334996598429e-02 1.933333333333333562e-03 7.363574011458173937e-04
1.375000000000000000e+01 1.116666666666666780e-01 2.530261295246446357e-02 1.999999999999999608e-03 7.788880963698614594e-04
1.400000000000000000e+01 1.216666666666666591e-01 2.613214283002618030e-02 2.033333333333333607e-03 7.845734863959879374e-04
1.425000000000000000e+01 1.303333333333333288e-01 2.701028610651052403e-02 2.000000000000000042e-03 8.164965809277259512e-04
1.450000000000000000e+01 1.416666666666666907e-01 2.854625875467552837e-02 2.099999999999999870e-03 8.286535263104036209e-04
1.475000000000000000e+01 1.539999999999999980e-01 2.997776954122281790e-02 2.099999999999999870e-03 8.286535263104036209e-04
1.500000000000000000e+01 1.633333333333333304e-01 3.007028803025043120e-02 2.066666666666666739e-03 8.219218670625302609e-04
1.525000000000000000e+01 1.706666666666666610e-01 2.948822740612862953e-02 2.133333333333333436e-03 8.653836657164779879e-04
1.550000000000000000e+01 1.803333333333333177e-01 2.584999462712173762e-02 2.133333333333333436e-03 8.379870059984355791e-04
1.575000000000000000e+01 1.846666666666666456e-01 2.885981442921782200e-02 2.200000000000000133e-03 8.831760866327845530e-04
1.600000000000000000e+01 1.933333333333333293e-01 2.651205176686423012e-02 2.166666666666666567e-03 8.730533902472529606e-04
1.625000000000000000e+01 2.006666666666666599e-01 2.485066509282106428e-02 2.233333333333333264e-03 9.177266598624136268e-04
1.650000000000000000e+01 2.089999999999999913e-01 2.222611077089287415e-02 2.166666666666666567e-03 9.030811456096045830e-04
1.675000000000000000e+01 2.123333333333333461e-01 2.080598204576965260e-02 2.233333333333333264e-03 9.177266598624136268e-04
1.700000000000000000e+01 2.166666666666666741e-01 2.028683207293725810e-02 2.200000000000000133e-03 9.092121131323903458e-04
1.725000000000000000e+01 2.196666666666666767e-01 1.956754682858556638e-02 2.600000000000000314e-03 1.134313301811570385e-03
1.750000000000000000e+01 2.256666666666666821e-01 1.826350337573695581e-02 2.299999999999999961e-03 9.626352718795766743e-04
1.775000000000000000e+01 2.303333333333333621e-01 2.036882148993624311e-02 2.333333333333333526e-03 9.977753031397175454e-04
1.800000000000000000e+01 2.309999999999999831e-01 1.714642819948224844e-02 2.266666666666666396e-03 9.285592184789413436e-04
1.825000000000000000e+01 2.343333333333333102e-01 1.915434386474485981e-02 2.266666666666666396e-03 9.285592184789413436e-04
1.850000000000000000e+01 2.349999999999999867e-01 1.854723699099141213e-02 2.266666666666666396e-03 9.285592184789413436e-04
1.875000000000000000e+01 2.369999999999999885e-01 1.790716802475105993e-02 2.266666666666666396e-03 9.285592184789413436e-04
1.900000000000000000e+01 2.366666666666666641e-01 2.174600857373346074e-02 2.266666666666666396e-03 9.285592184789413436e-04
1.925000000000000000e+01 2.363333333333333119e-01 2.080598204576965260e-02 2.233333333333333264e-03 8.956685895029601902e-04
1.950000000000000000e+01 2.393333333333333146e-01 2.023747898221405980e-02 2.166666666666666567e-03 8.730533902472529606e-04
1.975000000000000000e+01 2.406666666666666676e-01 1.913693345920976924e-02 2.233333333333333264e-03 8.956685895029601902e-04
2.000000000000000000e+01 2.443333333333333190e-01 1.759419096052886392e-02 2.166666666666666567e-03 8.498365855987973991e-04
2.025000000000000000e+01 2.476666666666666738e-01 1.558489297008128042e-02 2.166666666666666567e-03 8.498365855987973991e-04
2.050000000000000000e+01 2.506666666666666488e-01 1.470449666674185189e-02 2.066666666666666739e-03 7.930251502246878775e-04
2.075000000000000000e+01 2.536666666666666514e-01 1.281492185782740108e-02 2.099999999999999870e-03 8.041558721209878142e-04
2.100000000000000000e+01 2.553333333333333566e-01 9.741092797468313413e-03 2.066666666666666739e-03 7.930251502246878775e-04
2.125000000000000000e+01 2.556666666666666532e-01 7.930251502246887449e-03 2.033333333333333607e-03 7.586537784494027867e-04
2.150000000000000000e+01 2.580000000000000071e-01 4.966554808583783891e-03 2.000000000000000042e-03 7.483314773547882675e-04
2.175000000000000000e+01 2.583333333333333592e-01 8.013876853447544912e-03 1.933333333333333562e-03 7.363574011458173937e-04
2.200000000000000000e+01 2.603333333333333610e-01 1.155662388223982137e-02 1.966666666666666476e-03 7.133644853010899728e-04
2.225000000000000000e+01 2.633333333333333637e-01 1.236482466066094951e-02 2.033333333333333607e-03 7.408703590297623272e-04
2.250000000000000000e+01 2.666666666666666630e-01 1.189771219838317573e-02 1.866666666666666648e-03 6.342099196813482742e-04
2.275000000000000000e+01 2.676666666666666639e-01 1.203698005684520310e-02 1.833333333333333299e-03 6.018490028422595261e-04
2.300000000000000000e+01 2.703333333333333144e-01 1.132352516764201060e-02 1.733333333333333254e-03 5.436502143433362801e-04
2.325000000000000000e+01 2.723333333333333717e-01 9.977753031397165046e-03 1.700000000000000122e-03 5.099019513592785696e-04
2.350000000000000000e+01 2.733333333333333171e-01 1.053037933262086605e-02 1.633333333333333208e-03 4.642796092394705634e-04
2.375000000000000000e+01 2.743333333333333734e-01 9.977753031397165046e-03 1.600000000000000077e-03 4.320493798938573079e-04
2.400000000000000000e+01 2.753333333333333188e-01 7.760297817881861397e-03 1.466666666666666683e-03 3.399346342395189922e-04
