strain: mutant 2, 3 replicates with AgNPs, 4 replicates without AgNPs, structure: time, average and standard deviation with AgNPs, average and standard deviation without AgNPs.
0.000000000000000000e+00 0.000000000000000000e+00 0.000000000000000000e+00 0.000000000000000000e+00 0.000000000000000000e+00
2.500000000000000000e-01 0.000000000000000000e+00 0.000000000000000000e+00 -2.724999999999999992e-03 1.512241713483661147e-03
5.000000000000000000e-01 3.333333333333333222e-04 4.714045207910316933e-04 -2.674999999999999861e-03 1.360836140025682706e-03
7.500000000000000000e-01 3.333333333333333222e-04 4.714045207910316933e-04 -2.675000000000000294e-03 1.490595518576384466e-03
1.000000000000000000e+00 0.000000000000000000e+00 0.000000000000000000e+00 -2.675000000000000294e-03 1.472030910001552884e-03
1.250000000000000000e+00 0.000000000000000000e+00 0.000000000000000000e+00 -2.650000000000000012e-03 1.449999999999999900e-03
1.500000000000000000e+00 3.333333333333333222e-04 4.714045207910316933e-04 -2.575000000000000032e-03 1.513893985720268310e-03
1.750000000000000000e+00 6.666666666666666444e-04 4.714045207910316933e-04 -2.500000000000000052e-03 1.423024947075770836e-03
2.000000000000000000e+00 3.333333333333333222e-04 4.714045207910316933e-04 -2.350000000000000092e-03 1.570827807240500907e-03
2.250000000000000000e+00 3.333333333333333222e-04 4.714045207910316933e-04 -2.324999999999999810e-03 1.439400917048478138e-03
2.500000000000000000e+00 0.000000000000000000e+00 8.164965809277259512e-04 -2.299999999999999961e-03 1.486606874731850663e-03
2.750000000000000000e+00 0.000000000000000000e+00 8.164965809277259512e-04 -2.249999999999999830e-03 1.460308186651023419e-03
3.000000000000000000e+00 0.000000000000000000e+00 8.164965809277259512e-04 -2.224999999999999981e-03 1.502289918757361608e-03
3.250000000000000000e+00 6.666666666666666444e-04 4.714045207910316933e-04 -2.174999999999999850e-03 1.418405795250428413e-03
3.500000000000000000e+00 6.666666666666666444e-04 4.714045207910316933e-04 -2.099999999999999870e-03 1.435270009440732259e-03
3.750000000000000000e+00 6.666666666666666444e-04 1.247219128924647149e-03 -2.025000000000000324e-03 1.456665713195721664e-03
4.000000000000000000e+00 1.000000000000000021e-03 8.164965809277259512e-04 -1.949999999999999910e-03 1.479019945774903960e-03
4.250000000000000000e+00 1.000000000000000021e-03 8.164965809277259512e-04 -1.925000000000000062e-03 1.515544456622767554e-03
4.500000000000000000e+00 1.666666666666666774e-03 1.247219128924647149e-03 -1.924999999999999628e-03 1.472030910001553101e-03
4.750000000000000000e+00 2.000000000000000042e-03 1.632993161855451902e-03 -1.874999999999999931e-03 1.495618601114602313e-03
5.000000000000000000e+00 2.666666666666666578e-03 1.247219128924647149e-03 -1.850000000000000082e-03 1.494155279748393336e-03
5.250000000000000000e+00 3.666666666666666598e-03 1.247219128924647149e-03 -1.800000000000000168e-03 1.534600925322280717e-03
5.500000000000000000e+00 4.666666666666667053e-03 1.247219128924647149e-03 -1.750000000000000036e-03 1.494155279748393336e-03
5.750000000000000000e+00 5.333333333333333155e-03 1.699673171197594798e-03 -1.724999999999999971e-03 1.454948452695146088e-03
6.000000000000000000e+00 7.000000000000000146e-03 1.414213562373095026e-03 -1.649999999999999991e-03 1.553222456700906846e-03
6.250000000000000000e+00 8.000000000000000167e-03 1.414213562373094592e-03 -1.624999999999999925e-03 1.493946116832866201e-03
6.500000000000000000e+00 1.000000000000000021e-02 1.414213562373094592e-03 -1.575000000000000011e-03 1.512241713483661147e-03
6.750000000000000000e+00 1.199999999999999852e-02 1.414213562373094809e-03 -1.524999999999999880e-03 1.553021249049735394e-03
7.000000000000000000e+00 1.333333333333333419e-02 2.357022603955157870e-03 -1.449999999999999900e-03 1.575595125658873228e-03
7.250000000000000000e+00 1.566666666666666555e-02 1.885618083164127641e-03 -1.474999999999999966e-03 1.535211711784403854e-03
7.500000000000000000e+00 1.800000000000000211e-02 2.160246899469287028e-03 -1.449999999999999900e-03 1.512448346225417264e-03
7.750000000000000000e+00 2.100000000000000130e-02 2.160246899469287028e-03 -1.324999999999999789e-03 1.513893985720268526e-03
8.000000000000000000e+00 2.300000000000000308e-02 2.160246899469287028e-03 -1.250000000000000026e-03 1.575595125658873228e-03
8.250000000000000000e+00 2.566666666666666749e-02 2.624669291337270761e-03 -1.275000000000000092e-03 1.561049326574916315e-03
8.500000000000000000e+00 2.800000000000000058e-02 2.943920288775948510e-03 -1.174999999999999829e-03 1.594325876350252301e-03
8.750000000000000000e+00 2.999999999999999889e-02 2.943920288775949811e-03 -1.099999999999999849e-03 1.554027026792005172e-03
9.000000000000000000e+00 3.200000000000000067e-02 2.943920288775949811e-03 -1.125000000000000132e-03 1.636115827195617394e-03
9.250000000000000000e+00 3.466666666666667201e-02 3.399346342395189596e-03 -1.000000000000000021e-03 1.676305461424021067e-03
9.500000000000000000e+00 3.700000000000000511e-02 3.559026084010436918e-03 -9.499999999999998897e-04 1.656049516167919320e-03
9.750000000000000000e+00 3.966666666666666258e-02 4.027681991198189468e-03 -9.500000000000001065e-04 1.619413474070164737e-03
1.000000000000000000e+01 4.366666666666666613e-02 4.714045207910317475e-03 -9.000000000000000838e-04 1.701469952717355686e-03
1.025000000000000000e+01 4.633333333333333748e-02 5.185449728701350090e-03 -8.250000000000001039e-04 1.658877632617909454e-03
1.050000000000000000e+01 5.066666666666666541e-02 6.128258770283410983e-03 -8.499999999999999526e-04 1.681517172080023619e-03
1.075000000000000000e+01 5.433333333333332377e-02 7.318166133366716189e-03 -7.500000000000000156e-04 1.681517172080023619e-03
1.100000000000000000e+01 5.966666666666666646e-02 7.542472332656507093e-03 -7.250000000000001669e-04 1.685786166748321629e-03
1.125000000000000000e+01 6.366666666666666308e-02 9.672412085697938353e-03 -7.500000000000001240e-04 1.646966909200060433e-03
1.150000000000000000e+01 6.900000000000000577e-02 9.201449161228171872e-03 -7.250000000000001669e-04 1.685786166748321629e-03
1.175000000000000000e+01 7.333333333333334758e-02 9.428090415820636686e-03 -7.000000000000001013e-04 1.665833124895768017e-03
1.200000000000000000e+01 7.866666666666667640e-02 9.672412085697938353e-03 -6.250000000000000130e-04 1.748392118490586138e-03
1.225000000000000000e+01 8.433333333333332960e-02 1.087300428686672343e-02 -6.499999999999999702e-04 1.709532099727875849e-03
1.250000000000000000e+01 9.166666666666666019e-02 1.391242450313947242e-02 -5.750000000000000987e-04 1.789378383685239502e-03
1.275000000000000000e+01 9.866666666666666641e-02 1.604853748961429863e-02 -4.999999999999999020e-04 1.750714140001159757e-03
1.300000000000000000e+01 1.066666666666666735e-01 1.819035153285633241e-02 -4.250000000000000305e-04 1.773943347460679200e-03
1.325000000000000000e+01 1.163333333333333303e-01 2.075786330258702281e-02 -5.000000000000001188e-04 1.780449381476485521e-03
1.350000000000000000e+01 1.336666666666666836e-01 1.114550233153365974e-02 -4.250000000000000305e-04 1.773943347460679200e-03
1.375000000000000000e+01 1.363333333333333341e-01 2.357022603955158391e-02 -3.999999999999999650e-04 1.780449381476485521e-03
1.400000000000000000e+01 1.480000000000000204e-01 2.687005768508881134e-02 -3.499999999999999422e-04 1.767059704707229281e-03
1.425000000000000000e+01 1.676666666666666305e-01 1.677961726487096211e-02 -3.999999999999999650e-04 1.780449381476485521e-03
1.450000000000000000e+01 1.789999999999999647e-01 1.557776192739723092e-02 -3.249999999999998767e-04 1.863296809421408334e-03
1.475000000000000000e+01 1.880000000000000282e-01 1.485485330343812825e-02 -3.249999999999998767e-04 1.863296809421408334e-03
1.500000000000000000e+01 1.979999999999999816e-01 1.131370849898475847e-02 -2.250000000000000481e-04 1.861954618136543119e-03
1.525000000000000000e+01 2.063333333333333408e-01 9.463379711052254464e-03 -2.500000000000000052e-04 1.884807682497076494e-03
1.550000000000000000e+01 2.156666666666666732e-01 6.847546194724718482e-03 -2.250000000000000481e-04 1.833541654830890414e-03
1.575000000000000000e+01 2.213333333333333541e-01 7.318166133366723128e-03 -1.750000000000000253e-04 1.847126146206587351e-03
1.600000000000000000e+01 2.286666666666666847e-01 6.182412330330474756e-03 -2.250000000000000481e-04 1.892584212129013897e-03
1.625000000000000000e+01 2.343333333333333102e-01 5.185449728701339682e-03 -9.999999999999993703e-05 1.869491909583991711e-03
1.650000000000000000e+01 2.403333333333333155e-01 4.496912521077338007e-03 -1.499999999999999598e-04 1.884807682497076494e-03
1.675000000000000000e+01 2.393333333333333146e-01 1.302134998974973853e-02 -1.999999999999999825e-04 1.809696107085385659e-03
1.700000000000000000e+01 2.409999999999999920e-01 9.092121131323899555e-03 -1.750000000000000253e-04 1.847126146206587351e-03
1.725000000000000000e+01 2.439999999999999947e-01 8.831760866327854204e-03 -1.999999999999998741e-04 1.932614809008768864e-03
1.750000000000000000e+01 2.489999999999999991e-01 6.480740698407865853e-03 -1.750000000000000253e-04 1.908369723088269854e-03
1.775000000000000000e+01 2.526666666666666505e-01 5.312459150169746708e-03 -1.250000000000001110e-04 1.984155991851446928e-03
1.800000000000000000e+01 2.596666666666666567e-01 6.847546194724718482e-03 -1.750000000000000253e-04 1.847126146206587351e-03
1.825000000000000000e+01 2.636666666666666603e-01 8.259674462242584322e-03 -2.000000000000000909e-04 2.022374841615668176e-03
1.850000000000000000e+01 2.686666666666666647e-01 1.144066820115368678e-02 -2.500000000000000052e-04 1.944865033877672634e-03
1.875000000000000000e+01 2.713333333333333708e-01 1.158543146465516871e-02 -2.999999999999999195e-04 1.901315334183154232e-03
1.900000000000000000e+01 2.723333333333333717e-01 1.132352516764201060e-02 -2.749999999999998539e-04 1.939555361416631573e-03
1.925000000000000000e+01 2.736666666666666692e-01 1.126449683247719366e-02 -3.249999999999999851e-04 1.893904696651866910e-03
1.950000000000000000e+01 2.756666666666666710e-01 1.167142760000772217e-02 -3.500000000000000507e-04 1.916376789673679979e-03
1.975000000000000000e+01 2.743333333333333734e-01 1.225651754056681329e-02 -3.499999999999998338e-04 1.949999999999999910e-03
2.000000000000000000e+01 2.769999999999999685e-01 1.476482306023338929e-02 -2.999999999999999195e-04 1.932614809008768864e-03
2.025000000000000000e+01 2.763333333333333197e-01 1.438363267359426580e-02 -4.249999999999999221e-04 1.867317594840256327e-03
2.050000000000000000e+01 2.756666666666666710e-01 1.108552609887724673e-02 -3.750000000000000078e-04 1.851182054796340036e-03
2.075000000000000000e+01 2.813333333333333797e-01 1.309792180292565500e-02 -3.749999999999998994e-04 1.863296809421408334e-03
2.100000000000000000e+01 2.809999999999999720e-01 9.416297927883674965e-03 -3.750000000000000078e-04 1.811594601449231486e-03
2.125000000000000000e+01 2.839999999999999747e-01 1.314026889628466983e-02 -3.750000000000001162e-04 1.833541654830890414e-03
2.150000000000000000e+01 2.869999999999999774e-01 1.336662510384227336e-02 -2.750000000000000708e-04 1.779571577655700808e-03
2.175000000000000000e+01 2.939999999999999836e-01 2.146314670934033192e-02 -2.999999999999999195e-04 1.813835714721705400e-03
2.200000000000000000e+01 2.886666666666666825e-01 1.189771219838315665e-02 -2.249999999999999396e-04 1.759794022037806547e-03
2.225000000000000000e+01 2.976666666666666905e-01 2.036882148993625352e-02 -1.000000000000000454e-04 1.820714145603312363e-03
2.250000000000000000e+01 2.926666666666666861e-01 1.249888883950177679e-02 7.500000000000003409e-05 1.879328337465276414e-03
2.275000000000000000e+01 3.003333333333333410e-01 2.041785710815142291e-02 2.750000000000000166e-04 2.194738025368859254e-03
2.300000000000000000e+01 2.993333333333332846e-01 1.697710877099580656e-02 7.499999999999999072e-04 2.789713246912664448e-03
2.325000000000000000e+01 2.999999999999999889e-01 1.574801574802363671e-02 1.224999999999999960e-03 3.617578610065025606e-03
2.350000000000000000e+01 3.003333333333333410e-01 1.265789169736502781e-02 1.924999999999999628e-03 4.788201645712092912e-03
2.375000000000000000e+01 3.006666666666666377e-01 1.172840805717279868e-02 2.675000000000000294e-03 6.264333563915638545e-03
2.400000000000000000e+01 3.026666666666666394e-01 1.376791761870893409e-02 3.600000000000000335e-03 7.922436493907667951e-03
