strain: mutant 1, 4 replicates with AgNPs, 4 replicates without AgNPs, structure: time, average and standard deviation with AgNPs, average and standard deviation without AgNPs.
0.000000000000000000e+00 0.000000000000000000e+00 0.000000000000000000e+00 0.000000000000000000e+00 0.000000000000000000e+00
2.500000000000000000e-01 -1.500000000000000031e-03 1.499999999999999814e-03 -2.250000000000000209e-04 2.772634126602353875e-04
5.000000000000000000e-01 -1.250000000000000026e-03 1.089724735885168371e-03 -2.999999999999999737e-04 1.414213562373095080e-04
7.500000000000000000e-01 -7.500000000000000156e-04 8.291561975888499594e-04 -2.249999999999999667e-04 2.487468592766549770e-04
1.000000000000000000e+00 -1.500000000000000031e-03 8.660254037844386955e-04 -3.000000000000000279e-04 1.870828693386970669e-04
1.250000000000000000e+00 -1.750000000000000036e-03 1.089724735885168371e-03 -4.499999999999999877e-04 2.692582403567251670e-04
1.500000000000000000e+00 -1.000000000000000021e-03 7.071067811865475129e-04 -3.250000000000000393e-04 1.299038105676658097e-04
1.750000000000000000e+00 -1.750000000000000036e-03 1.299038105676657935e-03 -2.000000000000000096e-04 1.870828693386970669e-04
2.000000000000000000e+00 -1.000000000000000021e-03 1.000000000000000021e-03 7.499999999999999343e-05 2.487468592766549770e-04
2.250000000000000000e+00 -1.250000000000000026e-03 8.291561975888500679e-04 2.500000000000000120e-05 1.299038105676658097e-04
2.500000000000000000e+00 -1.250000000000000026e-03 1.479019945774904176e-03 1.000000000000000048e-04 3.000000000000000279e-04
2.750000000000000000e+00 -1.000000000000000021e-03 1.224744871391588927e-03 1.999999999999999825e-04 1.224744871391588927e-04
3.000000000000000000e+00 -1.000000000000000021e-03 1.224744871391588927e-03 2.749999999999999624e-04 2.384848003542364061e-04
3.250000000000000000e+00 -1.000000000000000021e-03 1.224744871391588927e-03 2.500000000000000052e-04 2.499999999999999510e-04
3.500000000000000000e+00 -5.000000000000000104e-04 1.118033988749894941e-03 3.750000000000000078e-04 2.165063509461096739e-04
3.750000000000000000e+00 -5.000000000000000104e-04 8.660254037844386955e-04 6.000000000000000559e-04 1.870828693386970669e-04
4.000000000000000000e+00 -2.500000000000000052e-04 1.089724735885168371e-03 6.249999999999999046e-04 3.491060010942234680e-04
4.250000000000000000e+00 5.000000000000000104e-04 8.660254037844386955e-04 7.500000000000000156e-04 3.354101966249684388e-04
4.500000000000000000e+00 5.000000000000000104e-04 1.500000000000000031e-03 6.999999999999999929e-04 3.674234614174766780e-04
4.750000000000000000e+00 1.250000000000000026e-03 1.089724735885168371e-03 7.750000000000000812e-04 4.493050188902857609e-04
5.000000000000000000e+00 1.000000000000000021e-03 2.121320343559642430e-03 8.500000000000000611e-04 4.555216789572149585e-04
5.250000000000000000e+00 2.250000000000000264e-03 2.165063509461096630e-03 8.999999999999999754e-04 4.636809247747852381e-04
5.500000000000000000e+00 3.749999999999999861e-03 2.586020108197150096e-03 9.750000000000000637e-04 5.214163403653551731e-04
5.750000000000000000e+00 5.250000000000000326e-03 3.269174207655505329e-03 1.049999999999999935e-03 5.024937810560445089e-04
6.000000000000000000e+00 5.749999999999999903e-03 3.960744879438714977e-03 1.200000000000000112e-03 5.830951894845301173e-04
6.250000000000000000e+00 7.249999999999999500e-03 4.493050188902857067e-03 1.149999999999999981e-03 5.545268253204707750e-04
6.500000000000000000e+00 9.499999999999999764e-03 6.344288770224759851e-03 1.349999999999999855e-03 7.433034373659253317e-04
6.750000000000000000e+00 1.074999999999999914e-02 7.224091638399945080e-03 1.374999999999999920e-03 7.119515432949070563e-04
7.000000000000000000e+00 1.274999999999999918e-02 8.554969316134336532e-03 1.399999999999999986e-03 7.778174593052022533e-04
7.250000000000000000e+00 1.549999999999999989e-02 9.340770846134702210e-03 1.475000000000000182e-03 7.790218225441440918e-04
7.500000000000000000e+00 1.824999999999999886e-02 1.094017824352053365e-02 1.575000000000000011e-03 8.347903928532000254e-04
7.750000000000000000e+00 2.174999999999999850e-02 1.217322882393984985e-02 1.649999999999999991e-03 8.381527307120104249e-04
8.000000000000000000e+00 2.425000000000000072e-02 1.393511750937178120e-02 1.850000000000000082e-03 9.708243919473799480e-04
8.250000000000000000e+00 2.700000000000000316e-02 1.430034964607509312e-02 1.824999999999999799e-03 9.984362773857930525e-04
8.500000000000000000e+00 2.999999999999999889e-02 1.528070678993612500e-02 1.949999999999999910e-03 1.092016483392077792e-03
8.750000000000000000e+00 3.425000000000000266e-02 1.655860803328589037e-02 2.150000000000000001e-03 1.021028892833106706e-03
9.000000000000000000e+00 3.774999999999999883e-02 1.787980704593872261e-02 2.075000000000000022e-03 1.134405130453842829e-03
9.250000000000000000e+00 4.100000000000000172e-02 1.874833325925267385e-02 2.324999999999999810e-03 1.233642979147532874e-03
9.500000000000000000e+00 4.549999999999999878e-02 2.074246851269153855e-02 2.399999999999999790e-03 1.298075498574716982e-03
9.750000000000000000e+00 5.175000000000000433e-02 2.024073862288627151e-02 2.374999999999999941e-03 1.304559312564974828e-03
1.000000000000000000e+01 5.524999999999999356e-02 2.349867017513969716e-02 2.550000000000000183e-03 1.323820229487372539e-03
1.025000000000000000e+01 6.149999999999999911e-02 2.530316185775998913e-02 2.599999999999999881e-03 1.398213145410956209e-03
1.050000000000000000e+01 6.825000000000000511e-02 2.745336955639507415e-02 2.525000000000000334e-03 1.502289918757361608e-03
1.075000000000000000e+01 7.524999999999999745e-02 3.041689497631209702e-02 2.774999999999999689e-03 1.475423667967950278e-03
1.100000000000000000e+01 8.275000000000000411e-02 3.409820376500791866e-02 2.700000000000000143e-03 1.589024858207070375e-03
1.125000000000000000e+01 8.999999999999999667e-02 3.738983819167983336e-02 2.799999999999999538e-03 1.650757401921917932e-03
1.150000000000000000e+01 9.475000000000000089e-02 3.721810715229886823e-02 2.799999999999999972e-03 1.700000000000000122e-03
1.175000000000000000e+01 1.007500000000000062e-01 3.893183144934232037e-02 2.850000000000000103e-03 1.665082580534671354e-03
1.200000000000000000e+01 1.089999999999999997e-01 4.147891030391227807e-02 3.125000000000000173e-03 1.814352501582864848e-03
1.225000000000000000e+01 1.140000000000000041e-01 4.350287346831241408e-02 3.049999999999999760e-03 1.785357107135712631e-03
1.250000000000000000e+01 1.267500000000000016e-01 4.750460503993270828e-02 3.150000000000000022e-03 1.924188140489385820e-03
1.275000000000000000e+01 1.370000000000000107e-01 5.099999999999999672e-02 3.350000000000000113e-03 1.909842925478427971e-03
1.300000000000000000e+01 1.492499999999999938e-01 5.550844530339505561e-02 3.299999999999999982e-03 1.932614809008768864e-03
1.325000000000000000e+01 1.592500000000000027e-01 5.770777677228607072e-02 3.349999999999999679e-03 2.018043607061056552e-03
1.350000000000000000e+01 1.727500000000000147e-01 6.244347443888752930e-02 3.500000000000000073e-03 2.129553943904685491e-03
1.375000000000000000e+01 1.844999999999999973e-01 6.789145748914218736e-02 3.549999999999999770e-03 2.143011899173684082e-03
1.400000000000000000e+01 1.999999999999999833e-01 7.483982896827062747e-02 3.550000000000000204e-03 2.200568108466538671e-03
1.425000000000000000e+01 2.114999999999999936e-01 7.883051439639347791e-02 3.700000000000000164e-03 2.232711356176610411e-03
1.450000000000000000e+01 2.184999999999999998e-01 7.856366844795371895e-02 3.775000000000000144e-03 2.301494079940246112e-03
1.475000000000000000e+01 2.237500000000000044e-01 7.785041746837327581e-02 3.799999999999999559e-03 2.336664289109584378e-03
1.500000000000000000e+01 2.332499999999999851e-01 7.884280246160710326e-02 3.874999999999999972e-03 2.490356400196565984e-03
1.525000000000000000e+01 2.387499999999999900e-01 7.889352001273614023e-02 3.900000000000000255e-03 2.411431110357498651e-03
1.550000000000000000e+01 2.467499999999999971e-01 7.823482280928359400e-02 3.849999999999999690e-03 2.496497546563985776e-03
1.575000000000000000e+01 2.540000000000000036e-01 7.842193570679061032e-02 3.975000000000000235e-03 2.465131842315944170e-03
1.600000000000000000e+01 2.630000000000000115e-01 7.827834949716301616e-02 4.075000000000000497e-03 2.609956896195797776e-03
1.625000000000000000e+01 2.667499999999999871e-01 7.995115696473691080e-02 4.150000000000000043e-03 2.623451924468981136e-03
1.650000000000000000e+01 2.742499999999999938e-01 7.602754435071541750e-02 4.000000000000000083e-03 2.652357441974968928e-03
1.675000000000000000e+01 2.755000000000000226e-01 7.735147057425605099e-02 4.000000000000000083e-03 2.570019455179279027e-03
1.700000000000000000e+01 2.802499999999999991e-01 7.924132444627614291e-02 4.099999999999999478e-03 2.695366394388710746e-03
1.725000000000000000e+01 2.857500000000000595e-01 7.868092208407322097e-02 4.075000000000000497e-03 2.788704896542479501e-03
1.750000000000000000e+01 2.874999999999999778e-01 7.812329998150359389e-02 4.049999999999999781e-03 2.673480877058969935e-03
1.775000000000000000e+01 2.909999999999999809e-01 7.912964046424070252e-02 4.150000000000000043e-03 2.737243138634199054e-03
1.800000000000000000e+01 2.939999999999999836e-01 7.755965446029268462e-02 4.024999999999999932e-03 2.687354647232106323e-03
1.825000000000000000e+01 2.934999999999999831e-01 7.235157220130050693e-02 4.125000000000000194e-03 2.767105888830422196e-03
1.850000000000000000e+01 2.959999999999999853e-01 7.231182475916368702e-02 3.975000000000000235e-03 2.673363985692932439e-03
1.875000000000000000e+01 3.009999999999999898e-01 7.395268757793728442e-02 3.874999999999999972e-03 2.539069711528220592e-03
1.900000000000000000e+01 3.052499999999999658e-01 7.588601649843006169e-02 3.924999999999999670e-03 2.646105629032975606e-03
1.925000000000000000e+01 3.067499999999999671e-01 7.474080210969105686e-02 3.899999999999999821e-03 2.595187854472195792e-03
1.950000000000000000e+01 3.049999999999999933e-01 6.992853494818834781e-02 3.725000000000000012e-03 2.581060828419198296e-03
1.975000000000000000e+01 3.072500000000000231e-01 6.925451248835702567e-02 3.850000000000000124e-03 2.631064423384573726e-03
2.000000000000000000e+01 3.114999999999999991e-01 7.114949051117654133e-02 3.800000000000000426e-03 2.610555496441323026e-03
2.025000000000000000e+01 3.177500000000000324e-01 7.201866077621825457e-02 3.700000000000000164e-03 2.546566315649368729e-03
2.050000000000000000e+01 3.245000000000000107e-01 7.327175444876422861e-02 3.649999999999999599e-03 2.647168298389809479e-03
2.075000000000000000e+01 3.290000000000000147e-01 7.469605076575334957e-02 3.675000000000000315e-03 2.552817071393874947e-03
2.100000000000000000e+01 3.320000000000000173e-01 7.257754473664702888e-02 3.599999999999999901e-03 2.563201123595259655e-03
2.125000000000000000e+01 3.330000000000000182e-01 7.086254299698820092e-02 3.550000000000000204e-03 2.665051594247285806e-03
2.150000000000000000e+01 3.382499999999999951e-01 7.234768482819613211e-02 3.499999999999999639e-03 2.556364606232843211e-03
2.175000000000000000e+01 3.415000000000000258e-01 7.513487871820917485e-02 3.449999999999999942e-03 2.753633962602872968e-03
2.200000000000000000e+01 3.417499999999999982e-01 7.698498230174506685e-02 3.324999999999999831e-03 2.564541869418395827e-03
2.225000000000000000e+01 3.452500000000000013e-01 7.780223325843543813e-02 3.299999999999999982e-03 2.564176280991617169e-03
2.250000000000000000e+01 3.472500000000000586e-01 7.495123414594317968e-02 3.174999999999999871e-03 2.457005290999594166e-03
2.275000000000000000e+01 3.495000000000000329e-01 7.452684080249208365e-02 3.125000000000000173e-03 2.422163289293271377e-03
2.300000000000000000e+01 3.507500000000000062e-01 7.412953190193499742e-02 3.000000000000000062e-03 2.440286868382485989e-03
2.325000000000000000e+01 3.529999999999999805e-01 7.461568199782132871e-02 2.874999999999999951e-03 2.252082369719189594e-03
2.350000000000000000e+01 3.569999999999999840e-01 7.568024841396861491e-02 2.874999999999999951e-03 2.159137559304640137e-03
2.375000000000000000e+01 3.607500000000000151e-01 7.780223325843545201e-02 2.899999999999999800e-03 1.983683442487736964e-03
2.400000000000000000e+01 3.699999999999999956e-01 8.314144574157944501e-02 2.774999999999999689e-03 1.852532051004786165e-03
