strain: mutant 4, 4 replicates with AgNPs, 4 replicates without AgNPs, structure: time, average and standard deviation with AgNPs, average and standard deviation without AgNPs.
0.000000000000000000e+00 0.000000000000000000e+00 0.000000000000000000e+00 0.000000000000000000e+00 0.000000000000000000e+00
2.500000000000000000e-01 2.500000000000000052e-04 4.330127018922193477e-04 4.999999999999999562e-05 2.061552812808830465e-04
5.000000000000000000e-01 5.000000000000000104e-04 8.660254037844386955e-04 1.499999999999999869e-04 2.872281323269014388e-04
7.500000000000000000e-01 5.000000000000000104e-04 8.660254037844386955e-04 1.250000000000000026e-04 3.269174207655505221e-04
1.000000000000000000e+00 7.500000000000000156e-04 8.291561975888499594e-04 9.999999999999999124e-05 3.674234614174766780e-04
1.250000000000000000e+00 7.500000000000000156e-04 8.291561975888499594e-04 1.499999999999999869e-04 3.201562118716424522e-04
1.500000000000000000e+00 1.000000000000000021e-03 1.224744871391589144e-03 1.749999999999999982e-04 3.561951712193751722e-04
1.750000000000000000e+00 1.000000000000000021e-03 1.224744871391589144e-03 2.500000000000000052e-04 2.958039891549807702e-04
2.000000000000000000e+00 1.500000000000000031e-03 2.061552812808830140e-03 3.249999999999999851e-04 2.861380785564899437e-04
2.250000000000000000e+00 1.250000000000000026e-03 1.639359631075499972e-03 3.500000000000000507e-04 3.201562118716424522e-04
2.500000000000000000e+00 1.500000000000000031e-03 2.061552812808830140e-03 4.250000000000000305e-04 2.586020108197150530e-04
2.750000000000000000e+00 1.500000000000000031e-03 2.061552812808830140e-03 5.249999999999999676e-04 1.920286436967152185e-04
3.000000000000000000e+00 2.000000000000000042e-03 1.870828693386970614e-03 5.249999999999999676e-04 1.920286436967152185e-04
3.250000000000000000e+00 3.000000000000000062e-03 2.915475947422650153e-03 6.249999999999999046e-04 1.639359631075500189e-04
3.500000000000000000e+00 3.000000000000000062e-03 2.915475947422650153e-03 6.499999999999999702e-04 1.658312395177699756e-04
3.750000000000000000e+00 3.250000000000000284e-03 2.861380785564899328e-03 7.500000000000000156e-04 1.658312395177700298e-04
4.000000000000000000e+00 3.749999999999999861e-03 3.112474899497182958e-03 7.749999999999999728e-04 1.299038105676658097e-04
4.250000000000000000e+00 4.499999999999999660e-03 3.905124837953326787e-03 7.999999999999999299e-04 1.732050807568877554e-04
4.500000000000000000e+00 5.000000000000000104e-03 3.535533905932737673e-03 8.750000000000001266e-04 1.479019945774904122e-04
4.750000000000000000e+00 5.749999999999999903e-03 4.322904116447645606e-03 8.999999999999999754e-04 1.224744871391589198e-04
5.000000000000000000e+00 7.250000000000000368e-03 5.165994579942956647e-03 9.749999999999999552e-04 1.479019945774903580e-04
5.250000000000000000e+00 8.500000000000000611e-03 5.766281297335397460e-03 1.025000000000000086e-03 1.479019945774903580e-04
5.500000000000000000e+00 1.024999999999999870e-02 7.013380069552767673e-03 1.025000000000000086e-03 1.920286436967151913e-04
5.750000000000000000e+00 1.200000000000000025e-02 7.245688373094719310e-03 1.075000000000000001e-03 1.920286436967151371e-04
6.000000000000000000e+00 1.399999999999999856e-02 7.483314773547882458e-03 1.149999999999999981e-03 2.291287847477919688e-04
6.250000000000000000e+00 1.700000000000000122e-02 8.689073598491383471e-03 1.200000000000000112e-03 2.738612787525829999e-04
6.500000000000000000e+00 1.949999999999999997e-02 9.759610647971568922e-03 1.250000000000000243e-03 2.598076211353316195e-04
6.750000000000000000e+00 2.274999999999999939e-02 1.177656571331387944e-02 1.325000000000000006e-03 2.772634126602354417e-04
7.000000000000000000e+00 2.624999999999999903e-02 1.217322882393984985e-02 1.425000000000000051e-03 3.561951712193751722e-04
7.250000000000000000e+00 3.049999999999999933e-02 1.349999999999999811e-02 1.449999999999999900e-03 3.840572873934304369e-04
7.500000000000000000e+00 3.475000000000000311e-02 1.456665713195721620e-02 1.525000000000000097e-03 3.699662146737185816e-04
7.750000000000000000e+00 3.975000000000000061e-02 1.553021249049735437e-02 1.599999999999999860e-03 4.062019202317979582e-04
8.000000000000000000e+00 4.474999999999999811e-02 1.584889586059546468e-02 1.624999999999999925e-03 4.205650960315179929e-04
8.250000000000000000e+00 5.025000000000000300e-02 1.626921940352394139e-02 1.649999999999999991e-03 4.500000000000000419e-04
8.500000000000000000e+00 5.574999999999999400e-02 1.652838467606559600e-02 1.799999999999999951e-03 4.743416490252568550e-04
8.750000000000000000e+00 6.124999999999999889e-02 1.694660733008232154e-02 1.824999999999999799e-03 4.866980583482945471e-04
9.000000000000000000e+00 6.750000000000000444e-02 1.683003267970683420e-02 1.925000000000000062e-03 5.539629951540084264e-04
9.250000000000000000e+00 7.325000000000000955e-02 1.713731309161387051e-02 1.925000000000000062e-03 5.539629951540084264e-04
9.500000000000000000e+00 7.900000000000000078e-02 1.710263137648706730e-02 1.975000000000000193e-03 6.179603547154138062e-04
9.750000000000000000e+00 8.475000000000000588e-02 1.707886120325357096e-02 2.049999999999999739e-03 6.344288770224759417e-04
1.000000000000000000e+01 9.025000000000001077e-02 1.700551381170236492e-02 2.024999999999999890e-03 6.905613658466566978e-04
1.025000000000000000e+01 9.625000000000000222e-02 1.700551381170236839e-02 2.125000000000000153e-03 6.456585785072479827e-04
1.050000000000000000e+01 1.019999999999999934e-01 1.686712779343300245e-02 2.174999999999999850e-03 6.869315832017042689e-04
1.075000000000000000e+01 1.072499999999999981e-01 1.609930122707194100e-02 2.199999999999999699e-03 7.516648189186454386e-04
1.100000000000000000e+01 1.125000000000000028e-01 1.500833101980363765e-02 2.249999999999999830e-03 7.499999999999999072e-04
1.125000000000000000e+01 1.182500000000000079e-01 1.507274029498286219e-02 2.299999999999999961e-03 8.215838362577489997e-04
1.150000000000000000e+01 1.224999999999999978e-01 1.430908802125418176e-02 2.374999999999999941e-03 8.166241485530538165e-04
1.175000000000000000e+01 1.272500000000000020e-01 1.316007218825185343e-02 2.449999999999999921e-03 8.616843969807043164e-04
1.200000000000000000e+01 1.320000000000000062e-01 1.276714533480370097e-02 2.500000000000000052e-03 8.514693182963200624e-04
1.225000000000000000e+01 1.362500000000000100e-01 1.283306276771059573e-02 2.499999999999999618e-03 9.617692030835672291e-04
1.250000000000000000e+01 1.402500000000000135e-01 1.304559312564975045e-02 2.575000000000000032e-03 9.653367288153911910e-04
1.275000000000000000e+01 1.435000000000000164e-01 1.364734406395618112e-02 2.625000000000000163e-03 9.959292143521046407e-04
1.300000000000000000e+01 1.470000000000000195e-01 1.391042774324355649e-02 2.700000000000000143e-03 9.721111047611791190e-04
1.325000000000000000e+01 1.500000000000000222e-01 1.380217374184226214e-02 2.674999999999999861e-03 1.066243405606806093e-03
1.350000000000000000e+01 1.532500000000000251e-01 1.556237449748591913e-02 2.724999999999999992e-03 1.066243405606806093e-03
1.375000000000000000e+01 1.570000000000000284e-01 1.585875152715370343e-02 2.700000000000000143e-03 1.102270384252430034e-03
1.400000000000000000e+01 1.604999999999999760e-01 1.622498073958794293e-02 2.799999999999999972e-03 1.102270384252430251e-03
1.425000000000000000e+01 1.639999999999999791e-01 1.665833124895767584e-02 2.774999999999999689e-03 1.145371118895530853e-03
1.450000000000000000e+01 1.684999999999999831e-01 1.772709790123584012e-02 2.799999999999999538e-03 1.181101181101771539e-03
1.475000000000000000e+01 1.732500000000000151e-01 1.811594601449231789e-02 2.774999999999999689e-03 1.145371118895530853e-03
1.500000000000000000e+01 1.782500000000000195e-01 1.841704373671301798e-02 2.825000000000000254e-03 1.217322882393985202e-03
1.525000000000000000e+01 1.832499999999999685e-01 1.841704373671301798e-02 2.850000000000000103e-03 1.221679172287061608e-03
1.550000000000000000e+01 1.889999999999999736e-01 1.888120758849920477e-02 2.874999999999999951e-03 1.221423350030610960e-03
1.575000000000000000e+01 1.947500000000000064e-01 1.797741638834679176e-02 2.850000000000000103e-03 1.265898890117216373e-03
1.600000000000000000e+01 2.002499999999999836e-01 1.804681412327395137e-02 2.850000000000000103e-03 1.265898890117216373e-03
1.625000000000000000e+01 2.062499999999999889e-01 1.688749537379655857e-02 2.850000000000000103e-03 1.299038105676657935e-03
1.650000000000000000e+01 2.124999999999999944e-01 1.646966909200060780e-02 2.850000000000000103e-03 1.323820229487372539e-03
1.675000000000000000e+01 2.182499999999999996e-01 1.564249021096065020e-02 2.800000000000000405e-03 1.294217910554478455e-03
1.700000000000000000e+01 2.242500000000000049e-01 1.523769995767077119e-02 2.800000000000000405e-03 1.294217910554478455e-03
1.725000000000000000e+01 2.307500000000000107e-01 1.425438529014843442e-02 2.800000000000000405e-03 1.294217910554478455e-03
1.750000000000000000e+01 2.375000000000000167e-01 1.465435088975284607e-02 2.724999999999999992e-03 1.261695288094554033e-03
1.775000000000000000e+01 2.429999999999999938e-01 1.445683229480096074e-02 2.774999999999999689e-03 1.257726122810526532e-03
1.800000000000000000e+01 2.489999999999999991e-01 1.516575088810310709e-02 2.799999999999999972e-03 1.189537725337032033e-03
1.825000000000000000e+01 2.557500000000000329e-01 1.533582407306501548e-02 2.774999999999999689e-03 1.221423350030610743e-03
1.850000000000000000e+01 2.612499999999999822e-01 1.771122525405850745e-02 2.799999999999999972e-03 1.258967831201417316e-03
1.875000000000000000e+01 2.662499999999999867e-01 1.901808349965894776e-02 2.749999999999999840e-03 1.253993620398445195e-03
1.900000000000000000e+01 2.697499999999999898e-01 2.063219571446528455e-02 2.775000000000000123e-03 1.188223463831614363e-03
1.925000000000000000e+01 2.737499999999999933e-01 2.156820576682260196e-02 2.749999999999999840e-03 1.196870920358582367e-03
1.950000000000000000e+01 2.777499999999999969e-01 2.115862708211474832e-02 2.749999999999999840e-03 1.196870920358582367e-03
1.975000000000000000e+01 2.820000000000000284e-01 2.205674500011277003e-02 2.799999999999999972e-03 1.144552314225959558e-03
2.000000000000000000e+01 2.852500000000000036e-01 2.341340428045438418e-02 2.774999999999999689e-03 1.221423350030610743e-03
2.025000000000000000e+01 2.890000000000000346e-01 2.318404623873925388e-02 2.724999999999999992e-03 1.251748776712004619e-03
2.050000000000000000e+01 2.917500000000000093e-01 2.469185088242677184e-02 2.700000000000000143e-03 1.258967831201417099e-03
2.075000000000000000e+01 2.947500000000000120e-01 2.722475895210093103e-02 2.700000000000000143e-03 1.270826502713883399e-03
2.100000000000000000e+01 2.969999999999999862e-01 2.958884925102698779e-02 2.625000000000000163e-03 1.239707626821743647e-03
2.125000000000000000e+01 3.012499999999999623e-01 3.141954009848012264e-02 2.650000000000000012e-03 1.160818676624390073e-03
2.150000000000000000e+01 3.037500000000000200e-01 3.214323412477344821e-02 2.625000000000000163e-03 1.171270677512247990e-03
2.175000000000000000e+01 3.077499999999999680e-01 3.332697856091967892e-02 2.550000000000000183e-03 1.209338662244782573e-03
2.200000000000000000e+01 3.102500000000000258e-01 3.460762199285006419e-02 2.500000000000000052e-03 1.202081528017130696e-03
2.225000000000000000e+01 3.142500000000000293e-01 3.609968836430585415e-02 2.400000000000000223e-03 1.170469991071962715e-03
2.250000000000000000e+01 3.179999999999999494e-01 3.670830968595528709e-02 2.275000000000000112e-03 1.145371118895530853e-03
2.275000000000000000e+01 3.212500000000000355e-01 3.835606210235872199e-02 2.250000000000000264e-03 1.175797601630484707e-03
2.300000000000000000e+01 3.247499999999999831e-01 4.002108819110244270e-02 2.174999999999999850e-03 1.096300597464034982e-03
2.325000000000000000e+01 3.270000000000000129e-01 4.118252056394798577e-02 2.050000000000000173e-03 1.107925990308016853e-03
2.350000000000000000e+01 3.312500000000000444e-01 4.225739580239178811e-02 1.900000000000000213e-03 1.102270384252430251e-03
2.375000000000000000e+01 3.339999999999999636e-01 4.329549630157852186e-02 1.775000000000000102e-03 1.096300597464034765e-03
2.400000000000000000e+01 3.372499999999999942e-01 4.474580985969523611e-02 1.699999999999999905e-03 1.017349497468790411e-03
