strain: rugose, 4 replicates with AgNPs, 4 replicates without AgNPs, structure: time, average and standard deviation with AgNPs, average and standard deviation without AgNPs.
0.000000000000000000e+00 0.000000000000000000e+00 0.000000000000000000e+00 0.000000000000000000e+00 0.000000000000000000e+00
2.500000000000000000e-01 3.000000000000000062e-03 1.581138830084189697e-03 0.000000000000000000e+00 0.000000000000000000e+00
5.000000000000000000e-01 6.250000000000000347e-03 3.344772040064912955e-03 2.500000000000000052e-04 4.330127018922193477e-04
7.500000000000000000e-01 6.250000000000000347e-03 3.344772040064912955e-03 5.000000000000000104e-04 5.000000000000000104e-04
1.000000000000000000e+00 4.750000000000000749e-03 2.277608394786074901e-03 5.000000000000000104e-04 5.000000000000000104e-04
1.250000000000000000e+00 4.000000000000000083e-03 2.121320343559642430e-03 5.000000000000000104e-04 5.000000000000000104e-04
1.500000000000000000e+00 5.000000000000000104e-03 2.915475947422649719e-03 7.500000000000000156e-04 4.330127018922193477e-04
1.750000000000000000e+00 6.250000000000000347e-03 3.344772040064912955e-03 7.500000000000000156e-04 4.330127018922193477e-04
2.000000000000000000e+00 6.250000000000000347e-03 3.897114317029974021e-03 7.500000000000000156e-04 4.330127018922193477e-04
2.250000000000000000e+00 3.750000000000000295e-03 2.277608394786074901e-03 7.500000000000000156e-04 4.330127018922193477e-04
2.500000000000000000e+00 5.249999999999999459e-03 3.561951712193751722e-03 7.500000000000000156e-04 4.330127018922193477e-04
2.750000000000000000e+00 4.000000000000000083e-03 2.345207879911714866e-03 7.500000000000000156e-04 4.330127018922193477e-04
3.000000000000000000e+00 4.500000000000000527e-03 2.872281323269014388e-03 7.500000000000000156e-04 4.330127018922193477e-04
3.250000000000000000e+00 5.250000000000000326e-03 3.269174207655505329e-03 7.500000000000000156e-04 4.330127018922193477e-04
3.500000000000000000e+00 6.000000000000000125e-03 3.082207001484487882e-03 7.500000000000000156e-04 4.330127018922193477e-04
3.750000000000000000e+00 5.749999999999999903e-03 3.112474899497182958e-03 7.500000000000000156e-04 4.330127018922193477e-04
4.000000000000000000e+00 5.499999999999999681e-03 2.872281323269014388e-03 7.500000000000000156e-04 4.330127018922193477e-04
4.250000000000000000e+00 5.749999999999999903e-03 3.491060010942235656e-03 7.500000000000000156e-04 4.330127018922193477e-04
4.500000000000000000e+00 4.500000000000000527e-03 3.201562118716424089e-03 7.500000000000000156e-04 4.330127018922193477e-04
4.750000000000000000e+00 5.250000000000000326e-03 2.384848003542364061e-03 7.500000000000000156e-04 4.330127018922193477e-04
5.000000000000000000e+00 6.000000000000000125e-03 2.738612787525830216e-03 7.500000000000000156e-04 4.330127018922193477e-04
5.250000000000000000e+00 5.499999999999999681e-03 2.872281323269014388e-03 7.500000000000000156e-04 4.330127018922193477e-04
5.500000000000000000e+00 6.000000000000000125e-03 1.870828693386970831e-03 7.500000000000000156e-04 4.330127018922193477e-04
5.750000000000000000e+00 7.249999999999999500e-03 2.165063509461096630e-03 7.500000000000000156e-04 4.330127018922193477e-04
6.000000000000000000e+00 5.749999999999999903e-03 1.920286436967152130e-03 7.500000000000000156e-04 4.330127018922193477e-04
6.250000000000000000e+00 7.499999999999999722e-03 2.692582403567251887e-03 7.500000000000000156e-04 4.330127018922193477e-04
6.500000000000000000e+00 8.250000000000000389e-03 2.384848003542364061e-03 7.500000000000000156e-04 4.330127018922193477e-04
6.750000000000000000e+00 1.050000000000000065e-02 2.291287847477920230e-03 7.500000000000000156e-04 4.330127018922193477e-04
7.000000000000000000e+00 9.749999999999999986e-03 2.487468592766549445e-03 7.500000000000000156e-04 4.330127018922193477e-04
7.250000000000000000e+00 1.225000000000000047e-02 2.680951323690901767e-03 7.500000000000000156e-04 4.330127018922193477e-04
7.500000000000000000e+00 1.299999999999999940e-02 2.549509756796392631e-03 7.500000000000000156e-04 4.330127018922193477e-04
7.750000000000000000e+00 1.475000000000000096e-02 4.322904116447646473e-03 7.500000000000000156e-04 4.330127018922193477e-04
8.000000000000000000e+00 1.675000000000000100e-02 3.491060010942235656e-03 7.500000000000000156e-04 4.330127018922193477e-04
8.250000000000000000e+00 1.774999999999999842e-02 2.277608394786074467e-03 7.500000000000000156e-04 4.330127018922193477e-04
8.500000000000000000e+00 2.000000000000000042e-02 3.605551275463990402e-03 7.500000000000000156e-04 4.330127018922193477e-04
8.750000000000000000e+00 2.124999999999999806e-02 3.031088913245535109e-03 7.500000000000000156e-04 4.330127018922193477e-04
9.000000000000000000e+00 2.324999999999999983e-02 4.145780987944250665e-03 7.500000000000000156e-04 4.330127018922193477e-04
9.250000000000000000e+00 2.575000000000000205e-02 3.699662146737184732e-03 7.500000000000000156e-04 4.330127018922193477e-04
9.500000000000000000e+00 2.850000000000000103e-02 4.609772228646445355e-03 7.500000000000000156e-04 4.330127018922193477e-04
9.750000000000000000e+00 3.175000000000000044e-02 4.322904116447645606e-03 7.500000000000000156e-04 4.330127018922193477e-04
1.000000000000000000e+01 3.475000000000000311e-02 3.561951712193752156e-03 7.500000000000000156e-04 4.330127018922193477e-04
1.025000000000000000e+01 3.924999999999999323e-02 4.493050188902857935e-03 7.500000000000000156e-04 4.330127018922193477e-04
1.050000000000000000e+01 4.374999999999999722e-02 5.973901572674259787e-03 7.500000000000000156e-04 4.330127018922193477e-04
1.075000000000000000e+01 4.875000000000000167e-02 8.073877630977568942e-03 7.500000000000000156e-04 4.330127018922193477e-04
1.100000000000000000e+01 5.349999999999999895e-02 9.810708435174295486e-03 7.500000000000000156e-04 4.330127018922193477e-04
1.125000000000000000e+01 5.824999999999999623e-02 1.154068888758378979e-02 7.500000000000000156e-04 4.330127018922193477e-04
1.150000000000000000e+01 6.325000000000000067e-02 1.344200505877006686e-02 7.500000000000000156e-04 4.330127018922193477e-04
1.175000000000000000e+01 6.850000000000000533e-02 1.685971530008736549e-02 7.500000000000000156e-04 4.330127018922193477e-04
1.200000000000000000e+01 7.350000000000000977e-02 1.772709790123583665e-02 7.500000000000000156e-04 4.330127018922193477e-04
1.225000000000000000e+01 7.724999999999999922e-02 2.118224492352026311e-02 7.500000000000000156e-04 4.330127018922193477e-04
1.250000000000000000e+01 8.375000000000000500e-02 2.340272420040026211e-02 7.500000000000000156e-04 4.330127018922193477e-04
1.275000000000000000e+01 8.699999999999999400e-02 2.494994989974929495e-02 7.500000000000000156e-04 4.330127018922193477e-04
1.300000000000000000e+01 9.124999999999999778e-02 2.665872277510683563e-02 7.500000000000000156e-04 4.330127018922193477e-04
1.325000000000000000e+01 9.975000000000000533e-02 2.839344114403888342e-02 7.500000000000000156e-04 4.330127018922193477e-04
1.350000000000000000e+01 1.072500000000000120e-01 2.720638711773394960e-02 7.500000000000000156e-04 4.330127018922193477e-04
1.375000000000000000e+01 1.167499999999999927e-01 2.376315425190856506e-02 7.500000000000000156e-04 4.330127018922193477e-04
1.400000000000000000e+01 1.257500000000000007e-01 2.183317429967525369e-02 7.500000000000000156e-04 4.330127018922193477e-04
1.425000000000000000e+01 1.352500000000000091e-01 1.974050404624968016e-02 7.500000000000000156e-04 4.330127018922193477e-04
1.450000000000000000e+01 1.450000000000000178e-01 1.677796173556251810e-02 7.500000000000000156e-04 4.330127018922193477e-04
1.475000000000000000e+01 1.535000000000000253e-01 1.221679172287061868e-02 7.500000000000000156e-04 4.330127018922193477e-04
1.500000000000000000e+01 1.619999999999999774e-01 1.252996408614166779e-02 1.000000000000000021e-03 7.071067811865475129e-04
1.525000000000000000e+01 1.727499999999999591e-01 1.219374839825719883e-02 1.000000000000000021e-03 7.071067811865475129e-04
1.550000000000000000e+01 1.822500000000000231e-01 9.522998477370453463e-03 1.000000000000000021e-03 7.071067811865475129e-04
1.575000000000000000e+01 1.882500000000000284e-01 5.356071321407141796e-03 1.000000000000000021e-03 7.071067811865475129e-04
1.600000000000000000e+01 1.967500000000000082e-01 5.356071321407131387e-03 1.000000000000000021e-03 7.071067811865475129e-04
1.625000000000000000e+01 2.027499999999999858e-01 4.437059837324704506e-03 1.250000000000000026e-03 1.089724735885168371e-03
1.650000000000000000e+01 2.119999999999999940e-01 4.636809247747855633e-03 1.250000000000000026e-03 1.479019945774904176e-03
1.675000000000000000e+01 2.147499999999999964e-01 3.699662146737188635e-03 1.250000000000000026e-03 1.479019945774904176e-03
1.700000000000000000e+01 2.205000000000000016e-01 4.500000000000003997e-03 1.500000000000000031e-03 1.802775637731994767e-03
1.725000000000000000e+01 2.250000000000000056e-01 4.743416490252573212e-03 2.000000000000000042e-03 2.236067977499789881e-03
1.750000000000000000e+01 2.277500000000000080e-01 3.418698582794338792e-03 2.250000000000000264e-03 2.586020108197150096e-03
1.775000000000000000e+01 2.332499999999999851e-01 5.539629951540079277e-03 2.749999999999999840e-03 3.031088913245535109e-03
1.800000000000000000e+01 2.372499999999999887e-01 7.084313657652370998e-03 3.250000000000000284e-03 3.491060010942235656e-03
1.825000000000000000e+01 2.417499999999999927e-01 7.495832175282469978e-03 4.000000000000000083e-03 4.301162633521313401e-03
1.850000000000000000e+01 2.449999999999999956e-01 6.519202405202643123e-03 4.499999999999999660e-03 4.769696007084728122e-03
1.875000000000000000e+01 2.462499999999999967e-01 6.941721688457416599e-03 5.249999999999999459e-03 5.584576975922168549e-03
1.900000000000000000e+01 2.502499999999999725e-01 6.941721688457417466e-03 6.250000000000000347e-03 6.533567172685989313e-03
1.925000000000000000e+01 2.530000000000000027e-01 8.573214099741131161e-03 6.749999999999999924e-03 7.562241731127087620e-03
1.950000000000000000e+01 2.525000000000000022e-01 7.123903424387510383e-03 7.749999999999999944e-03 8.525696452489966645e-03
1.975000000000000000e+01 2.555000000000000049e-01 7.123903424387510383e-03 8.750000000000000833e-03 9.496709956611290929e-03
2.000000000000000000e+01 2.610000000000000098e-01 8.573214099741131161e-03 9.499999999999999764e-03 1.030776406404415070e-02
2.025000000000000000e+01 2.635000000000000120e-01 1.045227248018344539e-02 1.024999999999999870e-02 1.096300597464034896e-02
2.050000000000000000e+01 2.657500000000000417e-01 1.003431612019474797e-02 1.099999999999999936e-02 1.164044672682281595e-02
2.075000000000000000e+01 2.697499999999999898e-01 1.059186008215742304e-02 1.175000000000000003e-02 1.243734296383275026e-02
2.100000000000000000e+01 2.695000000000000173e-01 1.217579566188591554e-02 1.250000000000000069e-02 1.312440474840668829e-02
2.125000000000000000e+01 2.642499999999999849e-01 1.681331317736036585e-02 1.325000000000000136e-02 1.382705680902483573e-02
2.150000000000000000e+01 2.665000000000000147e-01 1.418626095911109698e-02 1.374999999999999833e-02 1.432436735077678713e-02
2.175000000000000000e+01 2.670000000000000151e-01 1.589024858207069291e-02 1.449999999999999900e-02 1.504160895649132336e-02
2.200000000000000000e+01 2.627499999999999836e-01 2.154501102343649166e-02 1.549999999999999989e-02 1.603901493234544118e-02
2.225000000000000000e+01 2.590000000000000080e-01 3.012474066278413368e-02 1.650000000000000078e-02 1.651514456491374322e-02
2.250000000000000000e+01 2.560000000000000053e-01 3.372684390808009663e-02 1.750000000000000167e-02 1.750000000000000167e-02
2.275000000000000000e+01 2.595000000000000084e-01 3.363406011768427933e-02 1.849999999999999908e-02 1.849999999999999908e-02
2.300000000000000000e+01 2.617499999999999827e-01 3.314645531576491250e-02 1.949999999999999997e-02 1.951281630108785831e-02
2.325000000000000000e+01 2.612500000000000377e-01 3.666998091082131900e-02 2.099999999999999784e-02 2.104756517984918834e-02
2.350000000000000000e+01 2.652499999999999858e-01 3.793003427364653041e-02 2.249999999999999917e-02 2.259977875997904936e-02
2.375000000000000000e+01 2.690000000000000169e-01 3.379349049743161221e-02 2.324999999999999983e-02 2.338134940502793399e-02
2.400000000000000000e+01 2.737499999999999933e-01 3.406152521540983802e-02 2.425000000000000072e-02 2.392044104944555591e-02
